-98.242249 -97.998337 -97.708888 -97.380843 -97.021713 -96.639475 
-96.242454 -95.839209 -95.438406 -95.048689 -94.678555 -94.336225 
-94.029518 -93.765729 -93.551519 -93.392804 -93.294662 -93.261244 
-93.295704 -93.400139 -93.575544 -93.821783 -94.137575 -94.520498 
-94.967010 -95.472480 -96.031244 -96.636670 -97.281237 -97.956630 
-98.653847 -99.363314 -100.075009 -100.778597 -101.463566 -102.119367 
-102.735557 -103.301940 -103.808708 -104.246571 -104.606888 -104.881788 
-105.064272 -105.148321 -105.128970 -105.002389 -104.765931 -104.418174 
-103.958945 -103.389328 -102.711648 -101.929450 -101.047454 -100.071494 
-99.008446 -97.866145 -96.653277 -95.379276 -94.054203 -92.688617 
-91.293442 -89.879832 -88.459032 -87.042238 -85.640461 -84.264396 
-82.924290 -81.629827 -80.390015 -79.213087 -78.106411 -77.076416 
-76.128530 -75.267131 -74.495519 -73.815894 -73.229361 -72.735936 
-72.334582 -72.023246 -71.798917 -71.657694 -71.594865 -71.604994 
-71.682021 -71.819362 -72.010023 -72.246703 -72.521918 -72.828105 
-73.157739 -73.503438 -73.858068 -74.214835 -74.567378 -74.909843 
-75.236956 -75.544076 -75.827245 -76.083219 -76.309491 -76.504295 
-76.666607 -76.796129 -76.893256 -76.959040 -76.995145 -77.003783 
-76.987653 -76.949867 -76.893872 -76.823370 -76.742236 -76.654431 
-76.563920 -76.474591 -76.390177 -76.314181 -76.249815 -76.199933 
-76.166988 -76.152981 -76.159436 -76.187375 -76.237305 -76.309217 
-76.402597 -76.516445 -76.649301 -76.799288 -76.964157 -77.141340 
-77.328011 -77.521155 -77.717633 -77.914258 -78.107868 -78.295398 
-78.473956 -78.640889 -78.793847 -78.930849 -79.050329 -79.151183 
-79.232812 -79.295139 -79.338636 -79.364327 -79.373783 -79.369112 
-79.352933 -79.328339 -79.298855 -79.268385 -79.241146 -79.221604 
-79.214396 -79.224250 -79.255901 -79.314007 -79.403060 -79.527303 
-79.690641 -79.896570 -80.148093 -80.447658 -80.797097 -81.197571 
-81.649533 -82.152693 -82.706004 -83.307649 -83.955051 -84.644889 
-85.373126 -86.135052 -86.925340 -87.738108 -88.566994 -89.405238 
-90.245779 -91.081344 -91.904560 -92.708054 -93.484564 -94.227047 
-94.928787 -95.583495 -96.185414 -96.729406 -97.211040 -97.626663 
-97.973472 -98.249558 -98.453951 -98.586645 -98.648612 -98.641795 
-98.569096 -98.434345 -98.242249 -97.998337 -97.708888 -97.380843 
-97.021713 -96.639475 -96.242454 -95.839209 -95.438406 -95.048689 
-94.678555 -94.336225 -94.029518 -93.765729 -93.551519 -93.392804 
-93.294662 -93.261244 -93.295704 -93.400139 -93.575544 -93.821783 
-94.137575 -94.520498 -94.967010 -95.472480 -96.031244 -96.636670 
-97.281237 -97.956630 -98.653847 -99.363314 -100.075009 -100.778597 
-101.463566 -102.119367 -102.735557 -103.301940 -103.808708 -104.246571 
-104.606888 -104.881788 -105.064272 -105.148321 -105.128970 -105.002389 
-104.765931 -104.418174 -103.958945 -103.389328 -102.711648 -101.929450 
-101.047454 -100.071494 -99.008446 -97.866145 -96.653277 -95.379276 
-94.054203 -92.688617 -91.293442 -89.879832 -88.459032 -87.042238 
-85.640461 -84.264396 -82.924290 -81.629827 -80.390015 -79.213087 
-78.106411 -77.076416 -76.128530 -75.267131 -74.495519 -73.815894 
-73.229361 -72.735936 -72.334582 -72.023246 -71.798917 -71.657694 
-71.594865 -71.604994 -71.682021 -71.819362 -72.010023 -72.246703 
-72.521918 -72.828105 -73.157739 -73.503438 -73.858068 -74.214835 
-74.567378 -74.909843 -75.236956 -75.544076 -75.827245 -76.083219 
-76.309491 -76.504295 -76.666607 -76.796129 -76.893256 -76.959040 
-76.995145 -77.003783 -76.987653 -76.949867 -76.893872 -76.823370 
-76.742236 -76.654431 -76.563920 -76.474591 -76.390177 -76.314181 
-76.249815 -76.199933 -76.166988 -76.152981 -76.159436 -76.187375 
-76.237305 -76.309217 -76.402597 -76.516445 -76.649301 -76.799288 
-76.964157 -77.141340 -77.328011 -77.521155 -77.717633 -77.914258 
-78.107868 -78.295398 -78.473956 -78.640889 -78.793847 -78.930849 
-79.050329 -79.151183 -79.232812 -79.295139 -79.338636 -79.364327 
-79.373783 -79.369112 -79.352933 -79.328339 -79.298855 -79.268385 
-79.241146 -79.221604 -79.214396 -79.224250 -79.255901 -79.314007 
-79.403060 -79.527303 -79.690641 -79.896570 -80.148093 -80.447658 
-80.797097 -81.197571 -81.649533 -82.152693 -82.706004 -83.307649 
-83.955051 -84.644889 -85.373126 -86.135052 -86.925340 -87.738108 
-88.566994 -89.405238 -90.245779 -91.081344 -91.904560 -92.708054 
-93.484564 -94.227047 -94.928787 -95.583495 -96.185414 -96.729406 
-97.211040 -97.626663 -97.973472 -98.249558 -98.453951 -98.586645 
-98.648612 -98.641795 -98.569096 -98.434345 -98.242249 -60.707128 
-60.170305 -59.657443 -59.170992 -58.713173 -58.285952 -57.891010 
-57.529717 -57.203113 -56.911889 -56.656377 -56.436542 -56.251979 
-56.101918 -55.985233 -55.900454 -55.845788 -55.819144 -55.818163 
-55.840249 -55.882608 -55.942294 -56.016243 -56.101329 -56.194406 
-56.292358 -56.392147 -56.490860 -56.585756 -56.674309 -56.754246 
-56.823589 -56.880681 -56.924215 -56.953258 -56.967264 -56.966082 
-56.949963 -56.919549 -56.875868 -56.820315 -56.754625 -56.680843 
-56.601293 -56.518528 -56.435288 -56.354451 -56.278974 -56.211841 
-56.155998 -56.114303 -56.089457 -56.083952 -56.100013 -56.139545 
-56.204079 -56.294735 -56.412175 -56.556574 -56.727591 -56.924351 
-57.145433 -57.388868 -57.652141 -57.932208 -58.225515 -58.528031 
-58.835286 -59.142414 -59.444210 -59.735189 -60.009650 -60.261747 
-60.485564 -60.675194 -60.824816 -60.928778 -60.981677 -60.978438 
-60.914393 -60.785352 -60.587675 -60.318334 -59.974970 -59.555946 
-59.060386 -58.488211 -57.840161 -57.117809 -56.323569 -55.460686 
-54.533223 -53.546035 -52.504730 -51.415628 -50.285702 -49.122520 
-47.934171 -46.729190 -45.516474 -44.305195 -43.104708 -41.924455 
-40.773873 -39.662295 -38.598855 -37.592398 -36.651387 -35.783816 
-34.997134 -34.298170 -33.693062 -33.187203 -32.785187 -32.490772 
-32.306842 -32.235392 -32.277511 -32.433382 -32.702290 -33.082642 
-33.571991 -34.167071 -34.863848 -35.657565 -36.542803 -37.513549 
-38.563260 -39.684944 -40.871229 -42.114450 -43.406722 -44.740028 
-46.106289 -47.497448 -48.905542 -50.322771 -51.741564 -53.154643 
-54.555071 -55.936307 -57.292244 -58.617241 -59.906155 -61.154357 
-62.357746 -63.512752 -64.616336 -65.665982 -66.659680 -67.595907 
-68.473604 -69.292140 -70.051287 -70.751176 -71.392262 -71.975283 
-72.501221 -72.971257 -73.386734 -73.749118 -74.059961 -74.320865 
-74.533454 -74.699346 -74.820127 -74.897335 -74.932444 -74.926850 
-74.881872 -74.798741 -74.678612 -74.522562 -74.331605 -74.106702 
-73.848779 -73.558743 -73.237502 -72.885987 -72.505172 -72.096094 
-71.659877 -71.197749 -70.711058 -70.201290 -69.670082 -69.119228 
-68.550688 -67.966589 -67.369223 -66.761043 -66.144652 -65.522786 
-64.898303 -64.274157 -63.653373 -63.039021 -62.434185 -61.841931 
-61.265271 -60.707128 -60.170305 -59.657443 -59.170992 -58.713173 
-58.285952 -57.891010 -57.529717 -57.203113 -56.911889 -56.656377 
-56.436542 -56.251979 -56.101918 -55.985233 -55.900454 -55.845788 
-55.819144 -55.818163 -55.840249 -55.882608 -55.942294 -56.016243 
-56.101329 -56.194406 -56.292358 -56.392147 -56.490860 -56.585756 
-56.674309 -56.754246 -56.823589 -56.880681 -56.924215 -56.953258 
-56.967264 -56.966082 -56.949963 -56.919549 -56.875868 -56.820315 
-56.754625 -56.680843 -56.601293 -56.518528 -56.435288 -56.354451 
-56.278974 -56.211841 -56.155998 -56.114303 -56.089457 -56.083952 
-56.100013 -56.139545 -56.204079 -56.294735 -56.412175 -56.556574 
-56.727591 -56.924351 -57.145433 -57.388868 -57.652141 -57.932208 
-58.225515 -58.528031 -58.835286 -59.142414 -59.444210 -59.735189 
-60.009650 -60.261747 -60.485564 -60.675194 -60.824816 -60.928778 
-60.981677 -60.978438 -60.914393 -60.785352 -60.587675 -60.318334 
-59.974970 -59.555946 -59.060386 -58.488211 -57.840161 -57.117809 
-56.323569 -55.460686 -54.533223 -53.546035 -52.504730 -51.415628 
-50.285702 -49.122520 -47.934171 -46.729190 -45.516474 -44.305195 
-43.104708 -41.924455 -40.773873 -39.662295 -38.598855 -37.592398 
-36.651387 -35.783816 -34.997134 -34.298170 -33.693062 -33.187203 
-32.785187 -32.490772 -32.306842 -32.235392 -32.277511 -32.433382 
-32.702290 -33.082642 -33.571991 -34.167071 -34.863848 -35.657565 
-36.542803 -37.513549 -38.563260 -39.684944 -40.871229 -42.114450 
-43.406722 -44.740028 -46.106289 -47.497448 -48.905542 -50.322771 
-51.741564 -53.154643 -54.555071 -55.936307 -57.292244 -58.617241 
-59.906155 -61.154357 -62.357746 -63.512752 -64.616336 -65.665982 
-66.659680 -67.595907 -68.473604 -69.292140 -70.051287 -70.751176 
-71.392262 -71.975283 -72.501221 -72.971257 -73.386734 -73.749118 
-74.059961 -74.320865 -74.533454 -74.699346 -74.820127 -74.897335 
-74.932444 -74.926850 -74.881872 -74.798741 -74.678612 -74.522562 
-74.331605 -74.106702 -73.848779 -73.558743 -73.237502 -72.885987 
-72.505172 -72.096094 -71.659877 -71.197749 -70.711058 -70.201290 
-69.670082 -69.119228 -68.550688 -67.966589 -67.369223 -66.761043 
-66.144652 -65.522786 -64.898303 -64.274157 -63.653373 -63.039021 
-62.434185 -61.841931 -61.265271 -60.707128 -38.715514 -37.823595 
-36.980942 -36.196375 -35.477857 -34.832394 -34.265939 -33.783326 
-33.388206 -33.083015 -32.868953 -32.745980 -32.712832 -32.767062 
-32.905083 -33.122241 -33.412895 -33.770516 -34.187789 -34.656738 
-35.168846 -35.715191 -36.286581 -36.873692 -37.467206 -38.057948 
-38.637018 -39.195912 -39.726643 -40.221848 -40.674881 -41.079897 
-41.431923 -41.726911 -41.961776 -42.134423 -42.243749 -42.289641 
-42.272949 -42.195448 -42.059788 -41.869426 -41.628554 -41.342010 
-41.015181 -40.653907 -40.264370 -39.852986 -39.426292 -38.990841 
-38.553086 -38.119285 -37.695395 -37.286990 -36.899176 -36.536520 
-36.202991 -35.901916 -35.635943 -35.407019 -35.216386 -35.064588 
-34.951486 -34.876294 -34.837621 -34.833527 -34.861589 -34.918974 
-35.002518 -35.108816 -35.234308 -35.375376 -35.528435 -35.690022 
-35.856889 -36.026085 -36.195031 -36.361594 -36.524144 -36.681603 
-36.833485 -36.979925 -37.121683 -37.260153 -37.397347 -37.535863 
-37.678851 -37.829960 -37.993269 -38.173217 -38.374521 -38.602075 
-38.860862 -39.155842 -39.491852 -39.873491 -40.305021 -40.790256 
-41.332465 -41.934276 -42.597592 -43.323516 -44.112281 -44.963203 
-45.874638 -46.843961 -47.867556 -48.940823 -50.058199 -51.213202 
-52.398479 -53.605884 -54.826555 -56.051015 -57.269284 -58.470995 
-59.645524 -60.782131 -61.870096 -62.898866 -63.858202 -64.738320 
-65.530035 -66.224895 -66.815308 -67.294661 -67.657426 -67.899252 
-68.017043 -68.009020 -67.874767 -67.615251 -67.232839 -66.731274 
-66.115655 -65.392378 -64.569073 -63.654516 -62.658522 -61.591835 
-60.465990 -59.293168 -58.086050 -56.857648 -55.621142 -54.389707 
-53.176346 -51.993716 -50.853967 -49.768580 -48.748217 -47.802584 
-46.940301 -46.168795 -45.494199 -44.921281 -44.453378 -44.092363 
-43.838624 -43.691066 -43.647135 -43.702858 -43.852909 -44.090691 
-44.408431 -44.797299 -45.247537 -45.748600 -46.289314 -46.858029 
-47.442796 -48.031532 -48.612195 -49.172954 -49.702358 -50.189493 
-50.624142 -50.996919 -51.299404 -51.524255 -51.665309 -51.717660 
-51.677725 -51.543287 -51.313517 -50.988980 -50.571614 -50.064698 
-49.472795 -48.801678 -48.058238 -47.250382 -46.386910 -45.477380 
-44.531974 -43.561340 -42.576441 -41.588393 -40.608310 -39.647140 
-38.715514 -37.823595 -36.980942 -36.196375 -35.477857 -34.832394 
-34.265939 -33.783326 -33.388206 -33.083015 -32.868953 -32.745980 
-32.712832 -32.767062 -32.905083 -33.122241 -33.412895 -33.770516 
-34.187789 -34.656738 -35.168846 -35.715191 -36.286581 -36.873692 
-37.467206 -38.057948 -38.637018 -39.195912 -39.726643 -40.221848 
-40.674881 -41.079897 -41.431923 -41.726911 -41.961776 -42.134423 
-42.243749 -42.289641 -42.272949 -42.195448 -42.059788 -41.869426 
-41.628554 -41.342010 -41.015181 -40.653907 -40.264370 -39.852986 
-39.426292 -38.990841 -38.553086 -38.119285 -37.695395 -37.286990 
-36.899176 -36.536520 -36.202991 -35.901916 -35.635943 -35.407019 
-35.216386 -35.064588 -34.951486 -34.876294 -34.837621 -34.833527 
-34.861589 -34.918974 -35.002518 -35.108816 -35.234308 -35.375376 
-35.528435 -35.690022 -35.856889 -36.026085 -36.195031 -36.361594 
-36.524144 -36.681603 -36.833485 -36.979925 -37.121683 -37.260153 
-37.397347 -37.535863 -37.678851 -37.829960 -37.993269 -38.173217 
-38.374521 -38.602075 -38.860862 -39.155842 -39.491852 -39.873491 
-40.305021 -40.790256 -41.332465 -41.934276 -42.597592 -43.323516 
-44.112281 -44.963203 -45.874638 -46.843961 -47.867556 -48.940823 
-50.058199 -51.213202 -52.398479 -53.605884 -54.826555 -56.051015 
-57.269284 -58.470995 -59.645524 -60.782131 -61.870096 -62.898866 
-63.858202 -64.738320 -65.530035 -66.224895 -66.815308 -67.294661 
-67.657426 -67.899252 -68.017043 -68.009020 -67.874767 -67.615251 
-67.232839 -66.731274 -66.115655 -65.392378 -64.569073 -63.654516 
-62.658522 -61.591835 -60.465990 -59.293168 -58.086050 -56.857648 
-55.621142 -54.389707 -53.176346 -51.993716 -50.853967 -49.768580 
-48.748217 -47.802584 -46.940301 -46.168795 -45.494199 -44.921281 
-44.453378 -44.092363 -43.838624 -43.691066 -43.647135 -43.702858 
-43.852909 -44.090691 -44.408431 -44.797299 -45.247537 -45.748600 
-46.289314 -46.858029 -47.442796 -48.031532 -48.612195 -49.172954 
-49.702358 -50.189493 -50.624142 -50.996919 -51.299404 -51.524255 
-51.665309 -51.717660 -51.677725 -51.543287 -51.313517 -50.988980 
-50.571614 -50.064698 -49.472795 -48.801678 -48.058238 -47.250382 
-46.386910 -45.477380 -44.531974 -43.561340 -42.576441 -41.588393 
-40.608310 -39.647140 -38.715514 -54.552505 -54.052667 -53.560024 
-53.082651 -52.628587 -52.205704 -51.821590 -51.483419 -51.197838 
-50.970853 -50.807724 -50.712872 -50.689795 -50.740996 -50.867931 
-51.070964 -51.349343 -51.701194 -52.123526 -52.612260 -53.162272 
-53.767449 -54.420767 -55.114383 -55.839733 -56.587656 -57.348514 
-58.112331 -58.868936 -59.608110 -60.319737 -60.993953 -61.621298 
-62.192858 -62.700405 -63.136529 -63.494755 -63.769653 -63.956931 
-64.053510 -64.057590 -63.968692 -63.787679 -63.516764 -63.159496 
-62.720725 -62.206549 -61.624242 -60.982166 -60.289663 -59.556938 
-58.794921 -58.015122 -57.229476 -56.450179 -55.689522 -54.959718 
-54.272733 -53.640114 -53.072829 -52.581105 -52.174284 -51.860681 
-51.647468 -51.540558 -51.544519 -51.662500 -51.896173 -52.245702 
-52.709730 -53.285385 -53.968308 -54.752701 -55.631396 -56.595941 
-57.636703 -58.742992 -59.903192 -61.104912 -62.335139 -63.580407 
-64.826969 -66.060972 -67.268633 -68.436412 -69.551186 -70.600412 
-71.572286 -72.455884 -73.241299 -73.919759 -74.483729 -74.926996 
-75.244739 -75.433575 -75.491587 -75.418335 -75.214845 -74.883574 
-74.428368 -73.854388 -73.168032 -72.376830 -71.489336 -70.515000 
-69.464034 -68.347268 -67.176003 -65.961855 -64.716607 -63.452047 
-62.179827 -60.911313 -59.657447 -58.428624 -57.234566 -56.084223 
-54.985679 -53.946077 -52.971552 -52.067193 -51.237010 -50.483926 
-49.809777 -49.215335 -48.700346 -48.263577 -47.902882 -47.615281 
-47.397039 -47.243769 -47.150530 -47.111939 -47.122278 -47.175611 
-47.265894 -47.387087 -47.533261 -47.698695 -47.877975 -48.066072 
-48.258421 -48.450982 -48.640292 -48.823502 -48.998403 -49.163439 
-49.317703 -49.460925 -49.593443 -49.716163 -49.830515 -49.938384 
-50.042052 -50.144113 -50.247399 -50.354890 -50.469630 -50.594635 
-50.732810 -50.886861 -51.059217 -51.251955 -51.466731 -51.704726 
-51.966595 -52.252429 -52.561727 -52.893388 -53.245702 -53.616365 
-54.002503 -54.400704 -54.807067 -55.217261 -55.626590 -56.030073 
-56.422524 -56.798647 -57.153124 -57.480719 -57.776371 -58.035296 
-58.253078 -58.425764 -58.549944 -58.622836 -58.642347 -58.607138 
-58.516667 -58.371224 -58.171953 -57.920860 -57.620803 -57.275473 
-56.889359 -56.467696 -56.016401 -55.542002 -55.051546 -54.552505 
-54.052667 -53.560024 -53.082651 -52.628587 -52.205704 -51.821590 
-51.483419 -51.197838 -50.970853 -50.807724 -50.712872 -50.689795 
-50.740996 -50.867931 -51.070964 -51.349343 -51.701194 -52.123526 
-52.612260 -53.162272 -53.767449 -54.420767 -55.114383 -55.839733 
-56.587656 -57.348514 -58.112331 -58.868936 -59.608110 -60.319737 
-60.993953 -61.621298 -62.192858 -62.700405 -63.136529 -63.494755 
-63.769653 -63.956931 -64.053510 -64.057590 -63.968692 -63.787679 
-63.516764 -63.159496 -62.720725 -62.206549 -61.624242 -60.982166 
-60.289663 -59.556938 -58.794921 -58.015122 -57.229476 -56.450179 
-55.689522 -54.959718 -54.272733 -53.640114 -53.072829 -52.581105 
-52.174284 -51.860681 -51.647468 -51.540558 -51.544519 -51.662500 
-51.896173 -52.245702 -52.709730 -53.285385 -53.968308 -54.752701 
-55.631396 -56.595941 -57.636703 -58.742992 -59.903192 -61.104912 
-62.335139 -63.580407 -64.826969 -66.060972 -67.268633 -68.436412 
-69.551186 -70.600412 -71.572286 -72.455884 -73.241299 -73.919759 
-74.483729 -74.926996 -75.244739 -75.433575 -75.491587 -75.418335 
-75.214845 -74.883574 -74.428368 -73.854388 -73.168032 -72.376830 
-71.489336 -70.515000 -69.464034 -68.347268 -67.176003 -65.961855 
-64.716607 -63.452047 -62.179827 -60.911313 -59.657447 -58.428624 
-57.234566 -56.084223 -54.985679 -53.946077 -52.971552 -52.067193 
-51.237010 -50.483926 -49.809777 -49.215335 -48.700346 -48.263577 
-47.902882 -47.615281 -47.397039 -47.243769 -47.150530 -47.111939 
-47.122278 -47.175611 -47.265894 -47.387087 -47.533261 -47.698695 
-47.877975 -48.066072 -48.258421 -48.450982 -48.640292 -48.823502 
-48.998403 -49.163439 -49.317703 -49.460925 -49.593443 -49.716163 
-49.830515 -49.938384 -50.042052 -50.144113 -50.247399 -50.354890 
-50.469630 -50.594635 -50.732810 -50.886861 -51.059217 -51.251955 
-51.466731 -51.704726 -51.966595 -52.252429 -52.561727 -52.893388 
-53.245702 -53.616365 -54.002503 -54.400704 -54.807067 -55.217261 
-55.626590 -56.030073 -56.422524 -56.798647 -57.153124 -57.480719 
-57.776371 -58.035296 -58.253078 -58.425764 -58.549944 -58.622836 
-58.642347 -58.607138 -58.516667 -58.371224 -58.171953 -57.920860 
-57.620803 -57.275473 -56.889359 -56.467696 -56.016401 -55.542002 
-55.051546 -54.552505 -49.254091 -49.648850 -50.071588 -50.524345 
-51.008379 -51.524146 -52.071290 -52.648658 -53.254310 -53.885562 
-54.539030 -55.210685 -55.895930 -56.589673 -57.286417 -57.980355 
-58.665466 -59.335624 -59.984696 -60.606652 -61.195665 -61.746211 
-62.253165 -62.711889 -63.118310 -63.468991 -63.761193 -63.992920 
-64.162958 -64.270898 -64.317143 -64.302907 -64.230200 -64.101792 
-63.921175 -63.692509 -63.420551 -63.110586 -62.768341 -62.399889 
-62.011559 -61.609828 -61.201222 -60.792209 -60.389093 -59.997916 
-59.624360 -59.273655 -58.950494 -58.658961 -58.402462 -58.183676 
-58.004506 -57.866055 -57.768608 -57.711627 -57.693766 -57.712890 
-57.766115 -57.849858 -57.959895 -58.091433 -58.239196 -58.397507 
-58.560390 -58.721666 -58.875062 -59.014315 -59.133280 -59.226034 
-59.286975 -59.310924 -59.293210 -59.229753 -59.117136 -58.952666 
-58.734423 -58.461301 -58.133022 -57.750156 -57.314111 -56.827116 
-56.292191 -55.713099 -55.094289 -54.440828 -53.758322 -53.052821 
-52.330730 -51.598697 -50.863509 -50.131980 -49.410837 -48.706609 
-48.025516 -47.373362 -46.755438 -46.176429 -45.640329 -45.150373 
-44.708970 -44.317660 -43.977079 -43.686936 -43.446012 -43.252170 
-43.102376 -42.992742 -42.918580 -42.874468 -42.854329 -42.851526 
-42.858958 -42.869175 -42.874490 -42.867106 -42.839235 -42.783231 
-42.691710 -42.557678 -42.374647 -42.136751 -41.838847 -41.476612 
-41.046628 -40.546450 -39.974668 -39.330943 -38.616043 -37.831847 
-36.981342 -36.068606 -35.098764 -34.077939 -33.013184 -31.912400 
-30.784240 -29.638003 -28.483521 -27.331029 -26.191038 -25.074198 
-23.991157 -22.952427 -21.968241 -21.048419 -20.202244 -19.438333 
-18.764527 -18.187787 -17.714108 -17.348435 -17.094605 -16.955299 
-16.932009 -17.025025 -17.233436 -17.555148 -17.986919 -18.524411 
-19.162251 -19.894114 -20.712810 -21.610394 -22.578270 -23.607319 
-24.688019 -25.810582 -26.965082 -28.141593 -29.330316 -30.521712 
-31.706622 -32.876383 -34.022934 -35.138916 -36.217750 -37.253713 
-38.241997 -39.178747 -40.061091 -40.887157 -41.656062 -42.367900 
-43.023707 -43.625413 -44.175785 -44.678349 -45.137314 -45.557473 
-45.944104 -46.302867 -46.639686 -46.960641 -47.271849 -47.579355 
-47.889014 -48.206394 -48.536668 -48.884526 -49.254091 -49.648850 
-50.071588 -50.524345 -51.008379 -51.524146 -52.071290 -52.648658 
-53.254310 -53.885562 -54.539030 -55.210685 -55.895930 -56.589673 
-57.286417 -57.980355 -58.665466 -59.335624 -59.984696 -60.606652 
-61.195665 -61.746211 -62.253165 -62.711889 -63.118310 -63.468991 
-63.761193 -63.992920 -64.162958 -64.270898 -64.317143 -64.302907 
-64.230200 -64.101792 -63.921175 -63.692509 -63.420551 -63.110586 
-62.768341 -62.399889 -62.011559 -61.609828 -61.201222 -60.792209 
-60.389093 -59.997916 -59.624360 -59.273655 -58.950494 -58.658961 
-58.402462 -58.183676 -58.004506 -57.866055 -57.768608 -57.711627 
-57.693766 -57.712890 -57.766115 -57.849858 -57.959895 -58.091433 
-58.239196 -58.397507 -58.560390 -58.721666 -58.875062 -59.014315 
-59.133280 -59.226034 -59.286975 -59.310924 -59.293210 -59.229753 
-59.117136 -58.952666 -58.734423 -58.461301 -58.133022 -57.750156 
-57.314111 -56.827116 -56.292191 -55.713099 -55.094289 -54.440828 
-53.758322 -53.052821 -52.330730 -51.598697 -50.863509 -50.131980 
-49.410837 -48.706609 -48.025516 -47.373362 -46.755438 -46.176429 
-45.640329 -45.150373 -44.708970 -44.317660 -43.977079 -43.686936 
-43.446012 -43.252170 -43.102376 -42.992742 -42.918580 -42.874468 
-42.854329 -42.851526 -42.858958 -42.869175 -42.874490 -42.867106 
-42.839235 -42.783231 -42.691710 -42.557678 -42.374647 -42.136751 
-41.838847 -41.476612 -41.046628 -40.546450 -39.974668 -39.330943 
-38.616043 -37.831847 -36.981342 -36.068606 -35.098764 -34.077939 
-33.013184 -31.912400 -30.784240 -29.638003 -28.483521 -27.331029 
-26.191038 -25.074198 -23.991157 -22.952427 -21.968241 -21.048419 
-20.202244 -19.438333 -18.764527 -18.187787 -17.714108 -17.348435 
-17.094605 -16.955299 -16.932009 -17.025025 -17.233436 -17.555148 
-17.986919 -18.524411 -19.162251 -19.894114 -20.712810 -21.610394 
-22.578270 -23.607319 -24.688019 -25.810582 -26.965082 -28.141593 
-29.330316 -30.521712 -31.706622 -32.876383 -34.022934 -35.138916 
-36.217750 -37.253713 -38.241997 -39.178747 -40.061091 -40.887157 
-41.656062 -42.367900 -43.023707 -43.625413 -44.175785 -44.678349 
-45.137314 -45.557473 -45.944104 -46.302867 -46.639686 -46.960641 
-47.271849 -47.579355 -47.889014 -48.206394 -48.536668 -48.884526 
-49.254091 -68.988082 -69.613856 -70.326032 -71.118362 -71.983538 
-72.913290 -73.898492 -74.929272 -75.995148 -77.085152 -78.187978 
-79.292120 -80.386020 -81.458210 -82.497458 -83.492903 -84.434185 
-85.311574 -86.116079 -86.839554 -87.474784 -88.015567 -88.456769 
-88.794377 -89.025527 -89.148518 -89.162812 -89.069017 -88.868857 
-88.565124 -88.161616 -87.663072 -87.075079 -86.403985 -85.656799 
-84.841079 -83.964819 -83.036339 -82.064163 -81.056907 -80.023159 
-78.971378 -77.909782 -76.846256 -75.788263 -74.742760 -73.716138 
-72.714160 -71.741916 -70.803795 -69.903461 -69.043849 -68.227171 
-67.454932 -66.727961 -66.046449 -65.410001 -64.817692 -64.268135 
-63.759547 -63.289833 -62.856656 -62.457522 -62.089862 -61.751104 
-61.438756 -61.150469 -60.884111 -60.637818 -60.410048 -60.199619 
-60.005746 -59.828057 -59.666606 -59.521876 -59.394762 -59.286557 
-59.198917 -59.133821 -59.093523 -59.080494 -59.097362 -59.146837 
-59.231647 -59.354452 -59.517778 -59.723932 -59.974933 -60.272436 
-60.617671 -61.011375 -61.453746 -61.944390 -62.482293 -63.065790 
-63.692553 -64.359590 -65.063248 -65.799239 -66.562672 -67.348093 
-68.149545 -68.960630 -69.774584 -70.584362 -71.382726 -72.162342 
-72.915877 -73.636110 -74.316028 -74.948932 -75.528540 -76.049086 
-76.505407 -76.893033 -77.208261 -77.448222 -77.610939 -77.695366 
-77.701423 -77.630011 -77.483013 -77.263286 -76.974631 -76.621756 
-76.210218 -75.746358 -75.237222 -74.690467 -74.114262 -73.517177 
-72.908068 -72.295952 -71.689884 -71.098825 -70.531520 -69.996368 
-69.501301 -69.053670 -68.660136 -68.326569 -68.057963 -67.858357 
-67.730773 -67.677171 -67.698412 -67.794243 -67.963296 -68.203107 
-68.510141 -68.879849 -69.306724 -69.784383 -70.305659 -70.862699 
-71.447085 -72.049954 -72.662127 -73.274247 -73.876920 -74.460851 
-75.016989 -75.536659 -76.011701 -76.434589 -76.798551 -77.097677 
-77.327010 -77.482630 -77.561718 -77.562606 -77.484814 -77.329064 
-77.097278 -76.792563 -76.419172 -75.982454 -75.488783 -74.945474 
-74.360688 -73.743317 -73.102866 -72.449319 -71.793000 -71.144432 
-70.514185 -69.912732 -69.350295 -68.836705 -68.381257 -67.992581 
-67.678515 -67.445993 -67.300940 -67.248190 -67.291410 -67.433045 
-67.674276 -68.015000 -68.453825 -68.988082 -69.613856 -70.326032 
-71.118362 -71.983538 -72.913290 -73.898492 -74.929272 -75.995148 
-77.085152 -78.187978 -79.292120 -80.386020 -81.458210 -82.497458 
-83.492903 -84.434185 -85.311574 -86.116079 -86.839554 -87.474784 
-88.015567 -88.456769 -88.794377 -89.025527 -89.148518 -89.162812 
-89.069017 -88.868857 -88.565124 -88.161616 -87.663072 -87.075079 
-86.403985 -85.656799 -84.841079 -83.964819 -83.036339 -82.064163 
-81.056907 -80.023159 -78.971378 -77.909782 -76.846256 -75.788263 
-74.742760 -73.716138 -72.714160 -71.741916 -70.803795 -69.903461 
-69.043849 -68.227171 -67.454932 -66.727961 -66.046449 -65.410001 
-64.817692 -64.268135 -63.759547 -63.289833 -62.856656 -62.457522 
-62.089862 -61.751104 -61.438756 -61.150469 -60.884111 -60.637818 
-60.410048 -60.199619 -60.005746 -59.828057 -59.666606 -59.521876 
-59.394762 -59.286557 -59.198917 -59.133821 -59.093523 -59.080494 
-59.097362 -59.146837 -59.231647 -59.354452 -59.517778 -59.723932 
-59.974933 -60.272436 -60.617671 -61.011375 -61.453746 -61.944390 
-62.482293 -63.065790 -63.692553 -64.359590 -65.063248 -65.799239 
-66.562672 -67.348093 -68.149545 -68.960630 -69.774584 -70.584362 
-71.382726 -72.162342 -72.915877 -73.636110 -74.316028 -74.948932 
-75.528540 -76.049086 -76.505407 -76.893033 -77.208261 -77.448222 
-77.610939 -77.695366 -77.701423 -77.630011 -77.483013 -77.263286 
-76.974631 -76.621756 -76.210218 -75.746358 -75.237222 -74.690467 
-74.114262 -73.517177 -72.908068 -72.295952 -71.689884 -71.098825 
-70.531520 -69.996368 -69.501301 -69.053670 -68.660136 -68.326569 
-68.057963 -67.858357 -67.730773 -67.677171 -67.698412 -67.794243 
-67.963296 -68.203107 -68.510141 -68.879849 -69.306724 -69.784383 
-70.305659 -70.862699 -71.447085 -72.049954 -72.662127 -73.274247 
-73.876920 -74.460851 -75.016989 -75.536659 -76.011701 -76.434589 
-76.798551 -77.097677 -77.327010 -77.482630 -77.561718 -77.562606 
-77.484814 -77.329064 -77.097278 -76.792563 -76.419172 -75.982454 
-75.488783 -74.945474 -74.360688 -73.743317 -73.102866 -72.449319 
-71.793000 -71.144432 -70.514185 -69.912732 -69.350295 -68.836705 
-68.381257 -67.992581 -67.678515 -67.445993 -67.300940 -67.248190 
-67.291410 -67.433045 -67.674276 -68.015000 -68.453825 -68.988082 
