-1.026738 -1.043439 -1.060909 -1.078918 -1.097238 -1.115641 
-1.133904 -1.151813 -1.169167 -1.185774 -1.201463 -1.216076 
-1.229479 -1.241556 -1.252215 -1.261388 -1.269030 -1.275121 
-1.279664 -1.282688 -1.284241 -1.284397 -1.283246 -1.280901 
-1.277488 -1.273148 -1.268035 -1.262313 -1.256151 -1.249724 
-1.243205 -1.236771 -1.230589 -1.224825 -1.219632 -1.215153 
-1.211518 -1.208842 -1.207222 -1.206739 -1.207451 -1.209402 
-1.212610 -1.217078 -1.222786 -1.229695 -1.237750 -1.246876 
-1.256984 -1.267971 -1.279721 -1.292110 -1.305003 -1.318264 
-1.331749 -1.345319 -1.358833 -1.372155 -1.385157 -1.397718 
-1.409730 -1.421095 -1.431732 -1.441574 -1.450571 -1.458690 
-1.465918 -1.472259 -1.477734 -1.482385 -1.486268 -1.489457 
-1.492041 -1.494122 -1.495814 -1.497240 -1.498533 -1.499830 
-1.501271 -1.502998 -1.505152 -1.507869 -1.511280 -1.515507 
-1.520663 -1.526847 -1.534146 -1.542629 -1.552351 -1.563347 
-1.575635 -1.589213 -1.604060 -1.620137 -1.637386 -1.655729 
-1.675075 -1.695314 -1.716324 -1.737970 -1.760104 -1.782574 
-1.805218 -1.827872 -1.850368 -1.872541 -1.894227 -1.915267 
-1.935510 -1.954815 -1.973050 -1.990096 -2.005849 -2.020220 
-2.033136 -2.044542 -2.054399 -2.062687 -2.069402 -2.074559 
-2.078186 -2.080329 -2.081048 -2.080415 -2.078513 -2.075434 
-2.071280 -2.066154 -2.060167 -2.053427 -2.046045 -2.038127 
-2.029773 -2.021079 -2.012130 -2.003002 -1.993760 -1.984454 
-1.975124 -1.965793 -1.956470 -1.947151 -1.937815 -1.928429 
-1.918945 -1.909305 -1.899439 -1.889266 -1.878698 -1.867643 
-1.856002 -1.843677 -1.830567 -1.816576 -1.801613 -1.785591 
-1.768436 -1.750083 -1.730479 -1.709588 -1.687389 -1.663877 
-1.639069 -1.612997 -1.585716 -1.557298 -1.527837 -1.497443 
-1.466247 -1.434396 -1.402051 -1.369390 -1.336600 -1.303880 
-1.271435 -1.239477 -1.208218 -1.177871 -1.148646 -1.120748 
-1.094370 -1.069699 -1.046904 -1.026141 -1.007544 -0.991232 
-0.977297 -0.965811 -0.956822 -0.950349 -0.946391 -0.944916 
-0.945870 -0.949173 -0.954721 -0.962389 -0.972028 -0.983474 
-0.996541 -1.011032 -1.026738 -1.043439 -1.060909 -1.078918 
-1.097238 -1.115641 -1.133904 -1.151813 -1.169167 -1.185774 
-1.201463 -1.216076 -1.229479 -1.241556 -1.252215 -1.261388 
-1.269030 -1.275121 -1.279664 -1.282688 -1.284241 -1.284397 
-1.283246 -1.280901 -1.277488 -1.273148 -1.268035 -1.262313 
-1.256151 -1.249724 -1.243205 -1.236771 -1.230589 -1.224825 
-1.219632 -1.215153 -1.211518 -1.208842 -1.207222 -1.206739 
-1.207451 -1.209402 -1.212610 -1.217078 -1.222786 -1.229695 
-1.237750 -1.246876 -1.256984 -1.267971 -1.279721 -1.292110 
-1.305003 -1.318264 -1.331749 -1.345319 -1.358833 -1.372155 
-1.385157 -1.397718 -1.409730 -1.421095 -1.431732 -1.441574 
-1.450571 -1.458690 -1.465918 -1.472259 -1.477734 -1.482385 
-1.486268 -1.489457 -1.492041 -1.494122 -1.495814 -1.497240 
-1.498533 -1.499830 -1.501271 -1.502998 -1.505152 -1.507869 
-1.511280 -1.515507 -1.520663 -1.526847 -1.534146 -1.542629 
-1.552351 -1.563347 -1.575635 -1.589213 -1.604060 -1.620137 
-1.637386 -1.655729 -1.675075 -1.695314 -1.716324 -1.737970 
-1.760104 -1.782574 -1.805218 -1.827872 -1.850368 -1.872541 
-1.894227 -1.915267 -1.935510 -1.954815 -1.973050 -1.990096 
-2.005849 -2.020220 -2.033136 -2.044542 -2.054399 -2.062687 
-2.069402 -2.074559 -2.078186 -2.080329 -2.081048 -2.080415 
-2.078513 -2.075434 -2.071280 -2.066154 -2.060167 -2.053427 
-2.046045 -2.038127 -2.029773 -2.021079 -2.012130 -2.003002 
-1.993760 -1.984454 -1.975124 -1.965793 -1.956470 -1.947151 
-1.937815 -1.928429 -1.918945 -1.909305 -1.899439 -1.889266 
-1.878698 -1.867643 -1.856002 -1.843677 -1.830567 -1.816576 
-1.801613 -1.785591 -1.768436 -1.750083 -1.730479 -1.709588 
-1.687389 -1.663877 -1.639069 -1.612997 -1.585716 -1.557298 
-1.527837 -1.497443 -1.466247 -1.434396 -1.402051 -1.369390 
-1.336600 -1.303880 -1.271435 -1.239477 -1.208218 -1.177871 
-1.148646 -1.120748 -1.094370 -1.069699 -1.046904 -1.026141 
-1.007544 -0.991232 -0.977297 -0.965811 -0.956822 -0.950349 
-0.946391 -0.944916 -0.945870 -0.949173 -0.954721 -0.962389 
-0.972028 -0.983474 -0.996541 -1.011032 -1.026738 -0.650103 
-0.679961 -0.709712 -0.739163 -0.768108 -0.796328 -0.823596 
-0.849677 -0.874333 -0.897323 -0.918407 -0.937350 -0.953923 
-0.967910 -0.979104 -0.987318 -0.992380 -0.994144 -0.992485 
-0.987304 -0.978534 -0.966134 -0.950097 -0.930448 -0.907242 
-0.880572 -0.850562 -0.817366 -0.781173 -0.742201 -0.700696 
-0.656930 -0.611198 -0.563818 -0.515124 -0.465466 -0.415203 
-0.364703 -0.314337 -0.264474 -0.215481 -0.167716 -0.121525 
-0.077237 -0.035164 0.004405 0.041207 0.075007 0.105599 
0.132812 0.156506 0.176579 0.192963 0.205627 0.214575 
0.219849 0.221525 0.219710 0.214546 0.206201 0.194873 
0.180784 0.164174 0.145306 0.124453 0.101903 0.077950 
0.052891 0.027025 0.000647 -0.025954 -0.052498 -0.078720 
-0.104368 -0.129211 -0.153036 -0.175654 -0.196899 -0.216629 
-0.234731 -0.251115 -0.265721 -0.278510 -0.289475 -0.298627 
-0.306006 -0.311670 -0.315698 -0.318186 -0.319246 -0.319002 
-0.317590 -0.315152 -0.311836 -0.307793 -0.303173 -0.298122 
-0.292784 -0.287292 -0.281774 -0.276343 -0.271100 -0.266134 
-0.261517 -0.257307 -0.253542 -0.250248 -0.247432 -0.245087 
-0.243188 -0.241700 -0.240570 -0.239738 -0.239132 -0.238671 
-0.238268 -0.237832 -0.237269 -0.236485 -0.235387 -0.233885 
-0.231894 -0.229338 -0.226147 -0.222262 -0.217635 -0.212231 
-0.206026 -0.199012 -0.191194 -0.182589 -0.173231 -0.163165 
-0.152449 -0.141155 -0.129362 -0.117163 -0.104656 -0.091946 
-0.079146 -0.066368 -0.053731 -0.041350 -0.029339 -0.017810 
-0.006871 0.003380 0.012850 0.021454 0.029119 0.035781 
0.041390 0.045903 0.049294 0.051545 0.052652 0.052620 
0.051468 0.049220 0.045912 0.041587 0.036295 0.030088 
0.023025 0.015165 0.006568 -0.002707 -0.012602 -0.023065 
-0.034047 -0.045505 -0.057406 -0.069719 -0.082428 -0.095519 
-0.108993 -0.122856 -0.137124 -0.151820 -0.166974 -0.182625 
-0.198815 -0.215590 -0.232999 -0.251091 -0.269915 -0.289517 
-0.309939 -0.331215 -0.353373 -0.376429 -0.400389 -0.425244 
-0.450973 -0.477536 -0.504879 -0.532928 -0.561593 -0.590765 
-0.620317 -0.650103 -0.679961 -0.709712 -0.739163 -0.768108 
-0.796328 -0.823596 -0.849677 -0.874333 -0.897323 -0.918407 
-0.937350 -0.953923 -0.967910 -0.979104 -0.987318 -0.992380 
-0.994144 -0.992485 -0.987304 -0.978534 -0.966134 -0.950097 
-0.930448 -0.907242 -0.880572 -0.850562 -0.817366 -0.781173 
-0.742201 -0.700696 -0.656930 -0.611198 -0.563818 -0.515124 
-0.465466 -0.415203 -0.364703 -0.314337 -0.264474 -0.215481 
-0.167716 -0.121525 -0.077237 -0.035164 0.004405 0.041207 
0.075007 0.105599 0.132812 0.156506 0.176579 0.192963 
0.205627 0.214575 0.219849 0.221525 0.219710 0.214546 
0.206201 0.194873 0.180784 0.164174 0.145306 0.124453 
0.101903 0.077950 0.052891 0.027025 0.000647 -0.025954 
-0.052498 -0.078720 -0.104368 -0.129211 -0.153036 -0.175654 
-0.196899 -0.216629 -0.234731 -0.251115 -0.265721 -0.278510 
-0.289475 -0.298627 -0.306006 -0.311670 -0.315698 -0.318186 
-0.319246 -0.319002 -0.317590 -0.315152 -0.311836 -0.307793 
-0.303173 -0.298122 -0.292784 -0.287292 -0.281774 -0.276343 
-0.271100 -0.266134 -0.261517 -0.257307 -0.253542 -0.250248 
-0.247432 -0.245087 -0.243188 -0.241700 -0.240570 -0.239738 
-0.239132 -0.238671 -0.238268 -0.237832 -0.237269 -0.236485 
-0.235387 -0.233885 -0.231894 -0.229338 -0.226147 -0.222262 
-0.217635 -0.212231 -0.206026 -0.199012 -0.191194 -0.182589 
-0.173231 -0.163165 -0.152449 -0.141155 -0.129362 -0.117163 
-0.104656 -0.091946 -0.079146 -0.066368 -0.053731 -0.041350 
-0.029339 -0.017810 -0.006871 0.003380 0.012850 0.021454 
0.029119 0.035781 0.041390 0.045903 0.049294 0.051545 
0.052652 0.052620 0.051468 0.049220 0.045912 0.041587 
0.036295 0.030088 0.023025 0.015165 0.006568 -0.002707 
-0.012602 -0.023065 -0.034047 -0.045505 -0.057406 -0.069719 
-0.082428 -0.095519 -0.108993 -0.122856 -0.137124 -0.151820 
-0.166974 -0.182625 -0.198815 -0.215590 -0.232999 -0.251091 
-0.269915 -0.289517 -0.309939 -0.331215 -0.353373 -0.376429 
-0.400389 -0.425244 -0.450973 -0.477536 -0.504879 -0.532928 
-0.561593 -0.590765 -0.620317 -0.650103 -0.546613 -0.547251 
-0.549366 -0.552798 -0.557386 -0.562961 -0.569354 -0.576399 
-0.583933 -0.591801 -0.599855 -0.607959 -0.615988 -0.623832 
-0.631396 -0.638599 -0.645379 -0.651688 -0.657495 -0.662784 
-0.667556 -0.671824 -0.675617 -0.678972 -0.681940 -0.684577 
-0.686947 -0.689120 -0.691166 -0.693160 -0.695172 -0.697273 
-0.699526 -0.701990 -0.704718 -0.707752 -0.711126 -0.714864 
-0.718978 -0.723470 -0.728331 -0.733541 -0.739070 -0.744877 
-0.750914 -0.757125 -0.763447 -0.769813 -0.776150 -0.782387 
-0.788451 -0.794271 -0.799777 -0.804908 -0.809606 -0.813822 
-0.817518 -0.820663 -0.823238 -0.825239 -0.826670 -0.827550 
-0.827910 -0.827794 -0.827256 -0.826364 -0.825191 -0.823823 
-0.822351 -0.820873 -0.819488 -0.818299 -0.817408 -0.816914 
-0.816913 -0.817491 -0.818729 -0.820695 -0.823445 -0.827022 
-0.831452 -0.836744 -0.842890 -0.849863 -0.857618 -0.866090 
-0.875196 -0.884833 -0.894884 -0.905213 -0.915672 -0.926097 
-0.936319 -0.946154 -0.955419 -0.963923 -0.971477 -0.977897 
-0.983000 -0.986618 -0.988590 -0.988772 -0.987039 -0.983283 
-0.977421 -0.969394 -0.959169 -0.946742 -0.932136 -0.915407 
-0.896636 -0.875939 -0.853459 -0.829365 -0.803857 -0.777158 
-0.749514 -0.721190 -0.692471 -0.663655 -0.635050 -0.606971 
-0.579738 -0.553669 -0.529076 -0.506264 -0.485525 -0.467133 
-0.451342 -0.438383 -0.428459 -0.421743 -0.418374 -0.418458 
-0.422063 -0.429220 -0.439919 -0.454112 -0.471712 -0.492593 
-0.516591 -0.543507 -0.573109 -0.605131 -0.639281 -0.675240 
-0.712670 -0.751213 -0.790498 -0.830147 -0.869773 -0.908993 
-0.947425 -0.984696 -1.020449 -1.054340 -1.086048 -1.115276 
-1.141755 -1.165246 -1.185545 -1.202483 -1.215927 -1.225783 
-1.231996 -1.234550 -1.233469 -1.228813 -1.220681 -1.209206 
-1.194554 -1.176921 -1.156533 -1.133638 -1.108507 -1.081426 
-1.052698 -1.022632 -0.991546 -0.959758 -0.927585 -0.895337 
-0.863316 -0.831811 -0.801093 -0.771417 -0.743014 -0.716093 
-0.690838 -0.667404 -0.645921 -0.626487 -0.609174 -0.594024 
-0.581054 -0.570250 -0.561574 -0.554966 -0.550342 -0.547598 
-0.546613 -0.547251 -0.549366 -0.552798 -0.557386 -0.562961 
-0.569354 -0.576399 -0.583933 -0.591801 -0.599855 -0.607959 
-0.615988 -0.623832 -0.631396 -0.638599 -0.645379 -0.651688 
-0.657495 -0.662784 -0.667556 -0.671824 -0.675617 -0.678972 
-0.681940 -0.684577 -0.686947 -0.689120 -0.691166 -0.693160 
-0.695172 -0.697273 -0.699526 -0.701990 -0.704718 -0.707752 
-0.711126 -0.714864 -0.718978 -0.723470 -0.728331 -0.733541 
-0.739070 -0.744877 -0.750914 -0.757125 -0.763447 -0.769813 
-0.776150 -0.782387 -0.788451 -0.794271 -0.799777 -0.804908 
-0.809606 -0.813822 -0.817518 -0.820663 -0.823238 -0.825239 
-0.826670 -0.827550 -0.827910 -0.827794 -0.827256 -0.826364 
-0.825191 -0.823823 -0.822351 -0.820873 -0.819488 -0.818299 
-0.817408 -0.816914 -0.816913 -0.817491 -0.818729 -0.820695 
-0.823445 -0.827022 -0.831452 -0.836744 -0.842890 -0.849863 
-0.857618 -0.866090 -0.875196 -0.884833 -0.894884 -0.905213 
-0.915672 -0.926097 -0.936319 -0.946154 -0.955419 -0.963923 
-0.971477 -0.977897 -0.983000 -0.986618 -0.988590 -0.988772 
-0.987039 -0.983283 -0.977421 -0.969394 -0.959169 -0.946742 
-0.932136 -0.915407 -0.896636 -0.875939 -0.853459 -0.829365 
-0.803857 -0.777158 -0.749514 -0.721190 -0.692471 -0.663655 
-0.635050 -0.606971 -0.579738 -0.553669 -0.529076 -0.506264 
-0.485525 -0.467133 -0.451342 -0.438383 -0.428459 -0.421743 
-0.418374 -0.418458 -0.422063 -0.429220 -0.439919 -0.454112 
-0.471712 -0.492593 -0.516591 -0.543507 -0.573109 -0.605131 
-0.639281 -0.675240 -0.712670 -0.751213 -0.790498 -0.830147 
-0.869773 -0.908993 -0.947425 -0.984696 -1.020449 -1.054340 
-1.086048 -1.115276 -1.141755 -1.165246 -1.185545 -1.202483 
-1.215927 -1.225783 -1.231996 -1.234550 -1.233469 -1.228813 
-1.220681 -1.209206 -1.194554 -1.176921 -1.156533 -1.133638 
-1.108507 -1.081426 -1.052698 -1.022632 -0.991546 -0.959758 
-0.927585 -0.895337 -0.863316 -0.831811 -0.801093 -0.771417 
-0.743014 -0.716093 -0.690838 -0.667404 -0.645921 -0.626487 
-0.609174 -0.594024 -0.581054 -0.570250 -0.561574 -0.554966 
-0.550342 -0.547598 -0.546613 -0.982423 -0.959678 -0.937986 
-0.917370 -0.897841 -0.879387 -0.861982 -0.845582 -0.830127 
-0.815542 -0.801737 -0.788609 -0.776047 -0.763927 -0.752120 
-0.740493 -0.728909 -0.717231 -0.705324 -0.693058 -0.680310 
-0.666966 -0.652923 -0.638091 -0.622396 -0.605781 -0.588208 
-0.569656 -0.550127 -0.529644 -0.508250 -0.486010 -0.463011 
-0.439360 -0.415183 -0.390626 -0.365850 -0.341032 -0.316362 
-0.292043 -0.268283 -0.245298 -0.223306 -0.202527 -0.183179 
-0.165471 -0.149609 -0.135785 -0.124178 -0.114952 -0.108252 
-0.104205 -0.102913 -0.104456 -0.108888 -0.116240 -0.126513 
-0.139683 -0.155699 -0.174484 -0.195935 -0.219924 -0.246301 
-0.274893 -0.305508 -0.337937 -0.371954 -0.407323 -0.443795 
-0.481118 -0.519031 -0.557276 -0.595595 -0.633733 -0.671446 
-0.708496 -0.744660 -0.779730 -0.813515 -0.845841 -0.876557 
-0.905532 -0.932660 -0.957856 -0.981062 -1.002243 -1.021386 
-1.038505 -1.053633 -1.066829 -1.078167 -1.087745 -1.095673 
-1.102080 -1.107104 -1.110897 -1.113617 -1.115429 -1.116501 
-1.117002 -1.117100 -1.116960 -1.116742 -1.116597 -1.116667 
-1.117086 -1.117972 -1.119432 -1.121558 -1.124427 -1.128101 
-1.132627 -1.138034 -1.144339 -1.151543 -1.159632 -1.168580 
-1.178350 -1.188891 -1.200147 -1.212050 -1.224529 -1.237505 
-1.250898 -1.264626 -1.278605 -1.292754 -1.306995 -1.321251 
-1.335452 -1.349535 -1.363439 -1.377116 -1.390522 -1.403621 
-1.416387 -1.428799 -1.440845 -1.452521 -1.463829 -1.474774 
-1.485368 -1.495628 -1.505572 -1.515218 -1.524588 -1.533700 
-1.542572 -1.551219 -1.559651 -1.567873 -1.575885 -1.583679 
-1.591242 -1.598552 -1.605578 -1.612284 -1.618623 -1.624542 
-1.629982 -1.634876 -1.639152 -1.642732 -1.645536 -1.647481 
-1.648483 -1.648457 -1.647322 -1.644999 -1.641414 -1.636497 
-1.630190 -1.622439 -1.613204 -1.602455 -1.590172 -1.576351 
-1.561001 -1.544143 -1.525816 -1.506070 -1.484970 -1.462595 
-1.439037 -1.414399 -1.388797 -1.362355 -1.335206 -1.307489 
-1.279349 -1.250933 -1.222390 -1.193868 -1.165513 -1.137464 
-1.109857 -1.082815 -1.056454 -1.030878 -1.006176 -0.982423 
-0.959678 -0.937986 -0.917370 -0.897841 -0.879387 -0.861982 
-0.845582 -0.830127 -0.815542 -0.801737 -0.788609 -0.776047 
-0.763927 -0.752120 -0.740493 -0.728909 -0.717231 -0.705324 
-0.693058 -0.680310 -0.666966 -0.652923 -0.638091 -0.622396 
-0.605781 -0.588208 -0.569656 -0.550127 -0.529644 -0.508250 
-0.486010 -0.463011 -0.439360 -0.415183 -0.390626 -0.365850 
-0.341032 -0.316362 -0.292043 -0.268283 -0.245298 -0.223306 
-0.202527 -0.183179 -0.165471 -0.149609 -0.135785 -0.124178 
-0.114952 -0.108252 -0.104205 -0.102913 -0.104456 -0.108888 
-0.116240 -0.126513 -0.139683 -0.155699 -0.174484 -0.195935 
-0.219924 -0.246301 -0.274893 -0.305508 -0.337937 -0.371954 
-0.407323 -0.443795 -0.481118 -0.519031 -0.557276 -0.595595 
-0.633733 -0.671446 -0.708496 -0.744660 -0.779730 -0.813515 
-0.845841 -0.876557 -0.905532 -0.932660 -0.957856 -0.981062 
-1.002243 -1.021386 -1.038505 -1.053633 -1.066829 -1.078167 
-1.087745 -1.095673 -1.102080 -1.107104 -1.110897 -1.113617 
-1.115429 -1.116501 -1.117002 -1.117100 -1.116960 -1.116742 
-1.116597 -1.116667 -1.117086 -1.117972 -1.119432 -1.121558 
-1.124427 -1.128101 -1.132627 -1.138034 -1.144339 -1.151543 
-1.159632 -1.168580 -1.178350 -1.188891 -1.200147 -1.212050 
-1.224529 -1.237505 -1.250898 -1.264626 -1.278605 -1.292754 
-1.306995 -1.321251 -1.335452 -1.349535 -1.363439 -1.377116 
-1.390522 -1.403621 -1.416387 -1.428799 -1.440845 -1.452521 
-1.463829 -1.474774 -1.485368 -1.495628 -1.505572 -1.515218 
-1.524588 -1.533700 -1.542572 -1.551219 -1.559651 -1.567873 
-1.575885 -1.583679 -1.591242 -1.598552 -1.605578 -1.612284 
-1.618623 -1.624542 -1.629982 -1.634876 -1.639152 -1.642732 
-1.645536 -1.647481 -1.648483 -1.648457 -1.647322 -1.644999 
-1.641414 -1.636497 -1.630190 -1.622439 -1.613204 -1.602455 
-1.590172 -1.576351 -1.561001 -1.544143 -1.525816 -1.506070 
-1.484970 -1.462595 -1.439037 -1.414399 -1.388797 -1.362355 
-1.335206 -1.307489 -1.279349 -1.250933 -1.222390 -1.193868 
-1.165513 -1.137464 -1.109857 -1.082815 -1.056454 -1.030878 
-1.006176 -0.982423 -1.306468 -1.306537 -1.306409 -1.305925 
-1.304918 -1.303225 -1.300679 -1.297120 -1.292394 -1.286358 
-1.278880 -1.269842 -1.259144 -1.246707 -1.232469 -1.216394 
-1.198467 -1.178699 -1.157125 -1.133805 -1.108824 -1.082291 
-1.054337 -1.025117 -0.994802 -0.963584 -0.931668 -0.899272 
-0.866625 -0.833962 -0.801521 -0.769541 -0.738256 -0.707897 
-0.678682 -0.650818 -0.624494 -0.599884 -0.577137 -0.556381 
-0.537716 -0.521218 -0.506931 -0.494873 -0.485030 -0.477361 
-0.471792 -0.468225 -0.466530 -0.466557 -0.468127 -0.471045 
-0.475095 -0.480045 -0.485652 -0.491666 -0.497828 -0.503881 
-0.509568 -0.514639 -0.518853 -0.521981 -0.523813 -0.524155 
-0.522839 -0.519717 -0.514672 -0.507615 -0.498486 -0.487256 
-0.473931 -0.458545 -0.441166 -0.421892 -0.400853 -0.378203 
-0.354126 -0.328829 -0.302539 -0.275503 -0.247982 -0.220249 
-0.192585 -0.165277 -0.138610 -0.112871 -0.088335 -0.065270 
-0.043933 -0.024559 -0.007368 0.007443 0.019701 0.029262 
0.036005 0.039842 0.040713 0.038589 0.033469 0.025385 
0.014395 0.000586 -0.015930 -0.035016 -0.056515 -0.080248 
-0.106021 -0.133627 -0.162847 -0.193454 -0.225219 -0.257910 
-0.291296 -0.325152 -0.359260 -0.393413 -0.427416 -0.461089 
-0.494268 -0.526808 -0.558585 -0.589492 -0.619445 -0.648383 
-0.676262 -0.703061 -0.728780 -0.753435 -0.777061 -0.799707 
-0.821438 -0.842330 -0.862466 -0.881941 -0.900850 -0.919294 
-0.937372 -0.955181 -0.972815 -0.990361 -1.007895 -1.025486 
-1.043190 -1.061049 -1.079094 -1.097338 -1.115781 -1.134408 
-1.153188 -1.172078 -1.191018 -1.209938 -1.228757 -1.247382 
-1.265716 -1.283651 -1.301080 -1.317889 -1.333969 -1.349210 
-1.363507 -1.376763 -1.388887 -1.399801 -1.409436 -1.417740 
-1.424672 -1.430207 -1.434339 -1.437076 -1.438444 -1.438483 
-1.437253 -1.434826 -1.431291 -1.426746 -1.421303 -1.415085 
-1.408218 -1.400838 -1.393081 -1.385085 -1.376987 -1.368919 
-1.361008 -1.353371 -1.346115 -1.339335 -1.333111 -1.327507 
-1.322568 -1.318324 -1.314783 -1.311934 -1.309747 -1.308172 
-1.307141 -1.306566 -1.306344 -1.306355 -1.306468 -1.306537 
-1.306409 -1.305925 -1.304918 -1.303225 -1.300679 -1.297120 
-1.292394 -1.286358 -1.278880 -1.269842 -1.259144 -1.246707 
-1.232469 -1.216394 -1.198467 -1.178699 -1.157125 -1.133805 
-1.108824 -1.082291 -1.054337 -1.025117 -0.994802 -0.963584 
-0.931668 -0.899272 -0.866625 -0.833962 -0.801521 -0.769541 
-0.738256 -0.707897 -0.678682 -0.650818 -0.624494 -0.599884 
-0.577137 -0.556381 -0.537716 -0.521218 -0.506931 -0.494873 
-0.485030 -0.477361 -0.471792 -0.468225 -0.466530 -0.466557 
-0.468127 -0.471045 -0.475095 -0.480045 -0.485652 -0.491666 
-0.497828 -0.503881 -0.509568 -0.514639 -0.518853 -0.521981 
-0.523813 -0.524155 -0.522839 -0.519717 -0.514672 -0.507615 
-0.498486 -0.487256 -0.473931 -0.458545 -0.441166 -0.421892 
-0.400853 -0.378203 -0.354126 -0.328829 -0.302539 -0.275503 
-0.247982 -0.220249 -0.192585 -0.165277 -0.138610 -0.112871 
-0.088335 -0.065270 -0.043933 -0.024559 -0.007368 0.007443 
0.019701 0.029262 0.036005 0.039842 0.040713 0.038589 
0.033469 0.025385 0.014395 0.000586 -0.015930 -0.035016 
-0.056515 -0.080248 -0.106021 -0.133627 -0.162847 -0.193454 
-0.225219 -0.257910 -0.291296 -0.325152 -0.359260 -0.393413 
-0.427416 -0.461089 -0.494268 -0.526808 -0.558585 -0.589492 
-0.619445 -0.648383 -0.676262 -0.703061 -0.728780 -0.753435 
-0.777061 -0.799707 -0.821438 -0.842330 -0.862466 -0.881941 
-0.900850 -0.919294 -0.937372 -0.955181 -0.972815 -0.990361 
-1.007895 -1.025486 -1.043190 -1.061049 -1.079094 -1.097338 
-1.115781 -1.134408 -1.153188 -1.172078 -1.191018 -1.209938 
-1.228757 -1.247382 -1.265716 -1.283651 -1.301080 -1.317889 
-1.333969 -1.349210 -1.363507 -1.376763 -1.388887 -1.399801 
-1.409436 -1.417740 -1.424672 -1.430207 -1.434339 -1.437076 
-1.438444 -1.438483 -1.437253 -1.434826 -1.431291 -1.426746 
-1.421303 -1.415085 -1.408218 -1.400838 -1.393081 -1.385085 
-1.376987 -1.368919 -1.361008 -1.353371 -1.346115 -1.339335 
-1.333111 -1.327507 -1.322568 -1.318324 -1.314783 -1.311934 
-1.309747 -1.308172 -1.307141 -1.306566 -1.306344 -1.306355 
-1.306468 -1.487571 -1.477813 -1.467426 -1.456365 -1.444586 
-1.432052 -1.418729 -1.404593 -1.389623 -1.373812 -1.357159 
-1.339673 -1.321375 -1.302293 -1.282467 -1.261948 -1.240794 
-1.219072 -1.196858 -1.174236 -1.151293 -1.128124 -1.104825 
-1.081497 -1.058239 -1.035151 -1.012333 -0.989878 -0.967879 
-0.946418 -0.925576 -0.905422 -0.886019 -0.867420 -0.849668 
-0.832796 -0.816827 -0.801775 -0.787644 -0.774426 -0.762108 
-0.750666 -0.740073 -0.730291 -0.721282 -0.713002 -0.705406 
-0.698448 -0.692085 -0.686273 -0.680976 -0.676160 -0.671799 
-0.667875 -0.664379 -0.661311 -0.658681 -0.656511 -0.654834 
-0.653694 -0.653145 -0.653254 -0.654096 -0.655756 -0.658326 
-0.661907 -0.666603 -0.672523 -0.679776 -0.688472 -0.698720 
-0.710621 -0.724273 -0.739764 -0.757170 -0.776556 -0.797970 
-0.821446 -0.846998 -0.874620 -0.904287 -0.935949 -0.969537 
-1.004955 -1.042088 -1.080796 -1.120916 -1.162266 -1.204640 
-1.247817 -1.291558 -1.335606 -1.379697 -1.423551 -1.466886 
-1.509411 -1.550837 -1.590875 -1.629242 -1.665662 -1.699872 
-1.731620 -1.760675 -1.786826 -1.809881 -1.829677 -1.846076 
-1.858971 -1.868285 -1.873970 -1.876015 -1.874440 -1.869296 
-1.860669 -1.848677 -1.833467 -1.815218 -1.794133 -1.770443 
-1.744401 -1.716280 -1.686370 -1.654976 -1.622414 -1.589005 
-1.555076 -1.520955 -1.486964 -1.453420 -1.420632 -1.388893 
-1.358480 -1.329654 -1.302652 -1.277688 -1.254951 -1.234601 
-1.216773 -1.201570 -1.189066 -1.179305 -1.172302 -1.168042 
-1.166482 -1.167552 -1.171156 -1.177176 -1.185471 -1.195882 
-1.208232 -1.222330 -1.237974 -1.254955 -1.273054 -1.292053 
-1.311732 -1.331873 -1.352265 -1.372701 -1.392988 -1.412940 
-1.432387 -1.451174 -1.469161 -1.486224 -1.502259 -1.517179 
-1.530915 -1.543417 -1.554651 -1.564600 -1.573265 -1.580661 
-1.586814 -1.591765 -1.595565 -1.598272 -1.599954 -1.600680 
-1.600527 -1.599570 -1.597885 -1.595547 -1.592626 -1.589188 
-1.585294 -1.580997 -1.576342 -1.571364 -1.566093 -1.560544 
-1.554728 -1.548642 -1.542278 -1.535618 -1.528635 -1.521297 
-1.513567 -1.505400 -1.496751 -1.487571 -1.477813 -1.467426 
-1.456365 -1.444586 -1.432052 -1.418729 -1.404593 -1.389623 
-1.373812 -1.357159 -1.339673 -1.321375 -1.302293 -1.282467 
-1.261948 -1.240794 -1.219072 -1.196858 -1.174236 -1.151293 
-1.128124 -1.104825 -1.081497 -1.058239 -1.035151 -1.012333 
-0.989878 -0.967879 -0.946418 -0.925576 -0.905422 -0.886019 
-0.867420 -0.849668 -0.832796 -0.816827 -0.801775 -0.787644 
-0.774426 -0.762108 -0.750666 -0.740073 -0.730291 -0.721282 
-0.713002 -0.705406 -0.698448 -0.692085 -0.686273 -0.680976 
-0.676160 -0.671799 -0.667875 -0.664379 -0.661311 -0.658681 
-0.656511 -0.654834 -0.653694 -0.653145 -0.653254 -0.654096 
-0.655756 -0.658326 -0.661907 -0.666603 -0.672523 -0.679776 
-0.688472 -0.698720 -0.710621 -0.724273 -0.739764 -0.757170 
-0.776556 -0.797970 -0.821446 -0.846998 -0.874620 -0.904287 
-0.935949 -0.969537 -1.004955 -1.042088 -1.080796 -1.120916 
-1.162266 -1.204640 -1.247817 -1.291558 -1.335606 -1.379697 
-1.423551 -1.466886 -1.509411 -1.550837 -1.590875 -1.629242 
-1.665662 -1.699872 -1.731620 -1.760675 -1.786826 -1.809881 
-1.829677 -1.846076 -1.858971 -1.868285 -1.873970 -1.876015 
-1.874440 -1.869296 -1.860669 -1.848677 -1.833467 -1.815218 
-1.794133 -1.770443 -1.744401 -1.716280 -1.686370 -1.654976 
-1.622414 -1.589005 -1.555076 -1.520955 -1.486964 -1.453420 
-1.420632 -1.388893 -1.358480 -1.329654 -1.302652 -1.277688 
-1.254951 -1.234601 -1.216773 -1.201570 -1.189066 -1.179305 
-1.172302 -1.168042 -1.166482 -1.167552 -1.171156 -1.177176 
-1.185471 -1.195882 -1.208232 -1.222330 -1.237974 -1.254955 
-1.273054 -1.292053 -1.311732 -1.331873 -1.352265 -1.372701 
-1.392988 -1.412940 -1.432387 -1.451174 -1.469161 -1.486224 
-1.502259 -1.517179 -1.530915 -1.543417 -1.554651 -1.564600 
-1.573265 -1.580661 -1.586814 -1.591765 -1.595565 -1.598272 
-1.599954 -1.600680 -1.600527 -1.599570 -1.597885 -1.595547 
-1.592626 -1.589188 -1.585294 -1.580997 -1.576342 -1.571364 
-1.566093 -1.560544 -1.554728 -1.548642 -1.542278 -1.535618 
-1.528635 -1.521297 -1.513567 -1.505400 -1.496751 -1.487571 
