-1.713781 -1.704477 -1.692490 -1.678896 -1.664870 -1.651615 
-1.640293 -1.631954 -1.627474 -1.627492 -1.632373 -1.642178 
-1.656647 -1.675212 -1.697017 -1.720962 -1.745753 -1.769976 
-1.792165 -1.810885 -1.824809 -1.832788 -1.833916 -1.827583 
-1.813506 -1.791748 -1.762717 -1.727147 -1.686063 -1.640723 
-1.592563 -1.543119 -1.493950 -1.446568 -1.402359 -1.362523 
-1.328020 -1.299533 -1.277446 -1.261837 -1.252492 -1.248933 
-1.250453 -1.256175 -1.265105 -1.276196 -1.288413 -1.300786 
-1.312467 -1.322764 -1.331177 -1.337406 -1.341360 -1.343138 
-1.343007 -1.341371 -1.338726 -1.335615 -1.332584 -1.330136 
-1.328691 -1.328559 -1.329917 -1.332801 -1.337104 -1.342597 
-1.348944 -1.355741 -1.362548 -1.368935 -1.374515 -1.378989 
-1.382172 -1.384018 -1.384632 -1.384268 -1.383324 -1.382318 
-1.381851 -1.382575 -1.385142 -1.390159 -1.398139 -1.409460 
-1.424331 -1.442760 -1.464549 -1.489287 -1.516364 -1.545002 
-1.574287 -1.603224 -1.630786 -1.655980 -1.677901 -1.695793 
-1.709093 -1.717474 -1.720870 -1.719483 -1.713781 -1.704477 
-1.692490 -1.678896 -1.664870 -1.651615 -1.640293 -1.631954 
-1.627474 -1.627492 -1.632373 -1.642178 -1.656647 -1.675212 
-1.697017 -1.720962 -1.745753 -1.769976 -1.792165 -1.810885 
-1.824809 -1.832788 -1.833916 -1.827583 -1.813506 -1.791748 
-1.762717 -1.727147 -1.686063 -1.640723 -1.592563 -1.543119 
-1.493950 -1.446568 -1.402359 -1.362523 -1.328020 -1.299533 
-1.277446 -1.261837 -1.252492 -1.248933 -1.250453 -1.256175 
-1.265105 -1.276196 -1.288413 -1.300786 -1.312467 -1.322764 
-1.331177 -1.337406 -1.341360 -1.343138 -1.343007 -1.341371 
-1.338726 -1.335615 -1.332584 -1.330136 -1.328691 -1.328559 
-1.329917 -1.332801 -1.337104 -1.342597 -1.348944 -1.355741 
-1.362548 -1.368935 -1.374515 -1.378989 -1.382172 -1.384018 
-1.384632 -1.384268 -1.383324 -1.382318 -1.381851 -1.382575 
-1.385142 -1.390159 -1.398139 -1.409460 -1.424331 -1.442760 
-1.464549 -1.489287 -1.516364 -1.545002 -1.574287 -1.603224 
-1.630786 -1.655980 -1.677901 -1.695793 -1.709093 -1.717474 
-1.720870 -1.719483 -1.713781 -0.587763 -0.569452 -0.552980 
-0.538638 -0.526638 -0.517100 -0.510046 -0.505392 -0.502960 
-0.502478 -0.503602 -0.505933 -0.509041 -0.512491 -0.515868 
-0.518807 -0.521013 -0.522279 -0.522503 -0.521691 -0.519960 
-0.517527 -0.514695 -0.511833 -0.509345 -0.507644 -0.507114 
-0.508084 -0.510791 -0.515359 -0.521775 -0.529878 -0.539356 
-0.549750 -0.560468 -0.570808 -0.579994 -0.587206 -0.591630 
-0.592496 -0.589128 -0.580981 -0.567681 -0.549055 -0.525150 
-0.496242 -0.462842 -0.425678 -0.385676 -0.343926 -0.301641 
-0.260110 -0.220648 -0.184540 -0.152990 -0.127074 -0.107693 
-0.095545 -0.091090 -0.094543 -0.105869 -0.124787 -0.150788 
-0.183164 -0.221043 -0.263424 -0.309226 -0.357328 -0.406614 
-0.456014 -0.504539 -0.551306 -0.595565 -0.636706 -0.674268 
-0.707934 -0.737524 -0.762976 -0.784330 -0.801704 -0.815273 
-0.825247 -0.831850 -0.835304 -0.835818 -0.833584 -0.828766 
-0.821511 -0.811953 -0.800217 -0.786437 -0.770766 -0.753384 
-0.734508 -0.714400 -0.693370 -0.671770 -0.649988 -0.628442 
-0.607559 -0.587763 -0.569452 -0.552980 -0.538638 -0.526638 
-0.517100 -0.510046 -0.505392 -0.502960 -0.502478 -0.503602 
-0.505933 -0.509041 -0.512491 -0.515868 -0.518807 -0.521013 
-0.522279 -0.522503 -0.521691 -0.519960 -0.517527 -0.514695 
-0.511833 -0.509345 -0.507644 -0.507114 -0.508084 -0.510791 
-0.515359 -0.521775 -0.529878 -0.539356 -0.549750 -0.560468 
-0.570808 -0.579994 -0.587206 -0.591630 -0.592496 -0.589128 
-0.580981 -0.567681 -0.549055 -0.525150 -0.496242 -0.462842 
-0.425678 -0.385676 -0.343926 -0.301641 -0.260110 -0.220648 
-0.184540 -0.152990 -0.127074 -0.107693 -0.095545 -0.091090 
-0.094543 -0.105869 -0.124787 -0.150788 -0.183164 -0.221043 
-0.263424 -0.309226 -0.357328 -0.406614 -0.456014 -0.504539 
-0.551306 -0.595565 -0.636706 -0.674268 -0.707934 -0.737524 
-0.762976 -0.784330 -0.801704 -0.815273 -0.825247 -0.831850 
-0.835304 -0.835818 -0.833584 -0.828766 -0.821511 -0.811953 
-0.800217 -0.786437 -0.770766 -0.753384 -0.734508 -0.714400 
-0.693370 -0.671770 -0.649988 -0.628442 -0.607559 -0.587763 
-0.675371 -0.645112 -0.618892 -0.597750 -0.582439 -0.573381 
-0.570657 -0.574011 -0.582869 -0.596387 -0.613501 -0.632999 
-0.653595 -0.674001 -0.693009 -0.709551 -0.722757 -0.732000 
-0.736919 -0.737428 -0.733710 -0.726187 -0.715487 -0.702390 
-0.687770 -0.672537 -0.657575 -0.643686 -0.631541 -0.621649 
-0.614330 -0.609709 -0.607723 -0.608141 -0.610599 -0.614643 
-0.619774 -0.625504 -0.631402 -0.637143 -0.642540 -0.647567 
-0.652376 -0.657287 -0.662771 -0.669422 -0.677906 -0.688913 
-0.703099 -0.721022 -0.743091 -0.769514 -0.800258 -0.835023 
-0.873237 -0.914062 -0.956419 -0.999031 -1.040483 -1.079289 
-1.113971 -1.143135 -1.165556 -1.180246 -1.186520 -1.184038 
-1.172840 -1.153351 -1.126372 -1.093043 -1.054796 -1.013279 
-0.970280 -0.927632 -0.887119 -0.850386 -0.818847 -0.793621 
-0.775464 -0.764740 -0.761400 -0.764990 -0.774680 -0.789318 
-0.807491 -0.827613 -0.848013 -0.867030 -0.883110 -0.894890 
-0.901273 -0.901489 -0.895136 -0.882194 -0.863025 -0.838349 
-0.809194 -0.776836 -0.742722 -0.708389 -0.675371 -0.645112 
-0.618892 -0.597750 -0.582439 -0.573381 -0.570657 -0.574011 
-0.582869 -0.596387 -0.613501 -0.632999 -0.653595 -0.674001 
-0.693009 -0.709551 -0.722757 -0.732000 -0.736919 -0.737428 
-0.733710 -0.726187 -0.715487 -0.702390 -0.687770 -0.672537 
-0.657575 -0.643686 -0.631541 -0.621649 -0.614330 -0.609709 
-0.607723 -0.608141 -0.610599 -0.614643 -0.619774 -0.625504 
-0.631402 -0.637143 -0.642540 -0.647567 -0.652376 -0.657287 
-0.662771 -0.669422 -0.677906 -0.688913 -0.703099 -0.721022 
-0.743091 -0.769514 -0.800258 -0.835023 -0.873237 -0.914062 
-0.956419 -0.999031 -1.040483 -1.079289 -1.113971 -1.143135 
-1.165556 -1.180246 -1.186520 -1.184038 -1.172840 -1.153351 
-1.126372 -1.093043 -1.054796 -1.013279 -0.970280 -0.927632 
-0.887119 -0.850386 -0.818847 -0.793621 -0.775464 -0.764740 
-0.761400 -0.764990 -0.774680 -0.789318 -0.807491 -0.827613 
-0.848013 -0.867030 -0.883110 -0.894890 -0.901273 -0.901489 
-0.895136 -0.882194 -0.863025 -0.838349 -0.809194 -0.776836 
-0.742722 -0.708389 -0.675371 -0.951638 -0.934325 -0.918076 
-0.903999 -0.893118 -0.886313 -0.884255 -0.887363 -0.895761 
-0.909266 -0.927386 -0.949340 -0.974093 -1.000413 -1.026936 
-1.052244 -1.074949 -1.093774 -1.107631 -1.115693 -1.117449 
-1.112741 -1.101782 -1.085159 -1.063800 -1.038938 -1.012042 
-0.984742 -0.958742 -0.935722 -0.917248 -0.904681 -0.899096 
-0.901224 -0.911397 -0.929534 -0.955130 -0.987285 -1.024739 
-1.065941 -1.109125 -1.152397 -1.193835 -1.231585 -1.263953 
-1.289489 -1.307060 -1.315897 -1.315631 -1.306302 -1.288349 
-1.262574 -1.230095 -1.192280 -1.150668 -1.106886 -1.062564 
-1.019255 -0.978358 -0.941059 -0.908283 -0.880664 -0.858534 
-0.841931 -0.830622 -0.824141 -0.821842 -0.822952 -0.826641 
-0.832077 -0.838486 -0.845200 -0.851699 -0.857629 -0.862818 
-0.867271 -0.871147 -0.874736 -0.878413 -0.882595 -0.887693 
-0.894062 -0.901960 -0.911515 -0.922696 -0.935308 -0.948990 
-0.963234 -0.977413 -0.990821 -1.002719 -1.012394 -1.019205 
-1.022643 -1.022369 -1.018254 -1.010397 -0.999139 -0.985048 
-0.968899 -0.951638 -0.934325 -0.918076 -0.903999 -0.893118 
-0.886313 -0.884255 -0.887363 -0.895761 -0.909266 -0.927386 
-0.949340 -0.974093 -1.000413 -1.026936 -1.052244 -1.074949 
-1.093774 -1.107631 -1.115693 -1.117449 -1.112741 -1.101782 
-1.085159 -1.063800 -1.038938 -1.012042 -0.984742 -0.958742 
-0.935722 -0.917248 -0.904681 -0.899096 -0.901224 -0.911397 
-0.929534 -0.955130 -0.987285 -1.024739 -1.065941 -1.109125 
-1.152397 -1.193835 -1.231585 -1.263953 -1.289489 -1.307060 
-1.315897 -1.315631 -1.306302 -1.288349 -1.262574 -1.230095 
-1.192280 -1.150668 -1.106886 -1.062564 -1.019255 -0.978358 
-0.941059 -0.908283 -0.880664 -0.858534 -0.841931 -0.830622 
-0.824141 -0.821842 -0.822952 -0.826641 -0.832077 -0.838486 
-0.845200 -0.851699 -0.857629 -0.862818 -0.867271 -0.871147 
-0.874736 -0.878413 -0.882595 -0.887693 -0.894062 -0.901960 
-0.911515 -0.922696 -0.935308 -0.948990 -0.963234 -0.977413 
-0.990821 -1.002719 -1.012394 -1.019205 -1.022643 -1.022369 
-1.018254 -1.010397 -0.999139 -0.985048 -0.968899 -0.951638 
-0.859210 -0.873471 -0.889813 -0.908355 -0.928992 -0.951403 
-0.975073 -0.999330 -1.023386 -1.046400 -1.067524 -1.085972 
-1.101064 -1.112279 -1.119287 -1.121977 -1.120460 -1.115069 
-1.106336 -1.094959 -1.081757 -1.067621 -1.053454 -1.040114 
-1.028359 -1.018799 -1.011856 -1.007741 -1.006436 -1.007698 
-1.011078 -1.015950 -1.021553 -1.027043 -1.031547 -1.034228 
-1.034337 -1.031266 -1.024589 -1.014098 -0.999813 -0.981986 
-0.961089 -0.937784 -0.912881 -0.887286 -0.861945 -0.837778 
-0.815623 -0.796170 -0.779923 -0.767156 -0.757892 -0.751897 
-0.748691 -0.747570 -0.747651 -0.747922 -0.747307 -0.744733 
-0.739202 -0.729855 -0.716036 -0.697336 -0.673635 -0.645119 
-0.612278 -0.575897 -0.537014 -0.496879 -0.456888 -0.418512 
-0.383224 -0.352417 -0.327337 -0.309013 -0.298206 -0.295369 
-0.300628 -0.313772 -0.334275 -0.361323 -0.393865 -0.430669 
-0.470391 -0.511651 -0.553104 -0.593511 -0.631799 -0.667110 
-0.698843 -0.726667 -0.750525 -0.770622 -0.787395 -0.801469 
-0.813603 -0.824631 -0.835397 -0.846695 -0.859210 -0.873471 
-0.889813 -0.908355 -0.928992 -0.951403 -0.975073 -0.999330 
-1.023386 -1.046400 -1.067524 -1.085972 -1.101064 -1.112279 
-1.119287 -1.121977 -1.120460 -1.115069 -1.106336 -1.094959 
-1.081757 -1.067621 -1.053454 -1.040114 -1.028359 -1.018799 
-1.011856 -1.007741 -1.006436 -1.007698 -1.011078 -1.015950 
-1.021553 -1.027043 -1.031547 -1.034228 -1.034337 -1.031266 
-1.024589 -1.014098 -0.999813 -0.981986 -0.961089 -0.937784 
-0.912881 -0.887286 -0.861945 -0.837778 -0.815623 -0.796170 
-0.779923 -0.767156 -0.757892 -0.751897 -0.748691 -0.747570 
-0.747651 -0.747922 -0.747307 -0.744733 -0.739202 -0.729855 
-0.716036 -0.697336 -0.673635 -0.645119 -0.612278 -0.575897 
-0.537014 -0.496879 -0.456888 -0.418512 -0.383224 -0.352417 
-0.327337 -0.309013 -0.298206 -0.295369 -0.300628 -0.313772 
-0.334275 -0.361323 -0.393865 -0.430669 -0.470391 -0.511651 
-0.553104 -0.593511 -0.631799 -0.667110 -0.698843 -0.726667 
-0.750525 -0.770622 -0.787395 -0.801469 -0.813603 -0.824631 
-0.835397 -0.846695 -0.859210 -1.203459 -1.226799 -1.255713 
-1.289118 -1.325693 -1.363946 -1.402289 -1.439122 -1.472907 
-1.502247 -1.525949 -1.543079 -1.553001 -1.555396 -1.550268 
-1.537930 -1.518976 -1.494235 -1.464720 -1.431564 -1.395960 
-1.359093 -1.322084 -1.285937 -1.251498 -1.219427 -1.190185 
-1.164032 -1.141041 -1.121122 -1.104056 -1.089537 -1.077214 
-1.066736 -1.057793 -1.050149 -1.043667 -1.038326 -1.034221 
-1.031557 -1.030626 -1.031784 -1.035405 -1.041851 -1.051419 
-1.064310 -1.080585 -1.100148 -1.122717 -1.147831 -1.174850 
-1.202980 -1.231305 -1.258832 -1.284541 -1.307442 -1.326634 
-1.341356 -1.351041 -1.355352 -1.354212 -1.347815 -1.336624 
-1.321353 -1.302934 -1.282466 -1.261163 -1.240280 -1.221048 
-1.204603 -1.191919 -1.183751 -1.180591 -1.182633 -1.189765 
-1.201571 -1.217350 -1.236160 -1.256871 -1.278229 -1.298928 
-1.317695 -1.333359 -1.344926 -1.351641 -1.353037 -1.348963 
-1.339604 -1.325472 -1.307382 -1.286411 -1.263838 -1.241075 
-1.219589 -1.200818 -1.186093 -1.176558 -1.173107 -1.176332 
-1.186484 -1.203459 -1.226799 -1.255713 -1.289118 -1.325693 
-1.363946 -1.402289 -1.439122 -1.472907 -1.502247 -1.525949 
-1.543079 -1.553001 -1.555396 -1.550268 -1.537930 -1.518976 
-1.494235 -1.464720 -1.431564 -1.395960 -1.359093 -1.322084 
-1.285937 -1.251498 -1.219427 -1.190185 -1.164032 -1.141041 
-1.121122 -1.104056 -1.089537 -1.077214 -1.066736 -1.057793 
-1.050149 -1.043667 -1.038326 -1.034221 -1.031557 -1.030626 
-1.031784 -1.035405 -1.041851 -1.051419 -1.064310 -1.080585 
-1.100148 -1.122717 -1.147831 -1.174850 -1.202980 -1.231305 
-1.258832 -1.284541 -1.307442 -1.326634 -1.341356 -1.351041 
-1.355352 -1.354212 -1.347815 -1.336624 -1.321353 -1.302934 
-1.282466 -1.261163 -1.240280 -1.221048 -1.204603 -1.191919 
-1.183751 -1.180591 -1.182633 -1.189765 -1.201571 -1.217350 
-1.236160 -1.256871 -1.278229 -1.298928 -1.317695 -1.333359 
-1.344926 -1.351641 -1.353037 -1.348963 -1.339604 -1.325472 
-1.307382 -1.286411 -1.263838 -1.241075 -1.219589 -1.200818 
-1.186093 -1.176558 -1.173107 -1.176332 -1.186484 -1.203459 
