0.268	-0.72876	1.1973	-0.003194	1.2271	0.32362
0.26762	-0.72861	1.1975	-0.0031987	1.227	0.32325
0.26725	-0.72846	1.1978	-0.0032034	1.2269	0.32288
0.26688	-0.72831	1.1981	-0.0032081	1.2267	0.32251
0.26651	-0.72815	1.1984	-0.0032128	1.2266	0.32214
0.26614	-0.728	1.1986	-0.0032175	1.2265	0.32177
0.26576	-0.72785	1.1989	-0.0032222	1.2264	0.3214
0.26539	-0.7277	1.1992	-0.0032269	1.2263	0.32103
0.26502	-0.72755	1.1995	-0.0032316	1.2261	0.32066
0.26465	-0.7274	1.1997	-0.0032363	1.226	0.32029
0.26428	-0.72725	1.2	-0.003241	1.2259	0.31992
0.2639	-0.7271	1.2003	-0.0032457	1.2258	0.31955
0.26353	-0.72695	1.2005	-0.0032504	1.2256	0.31918
0.26316	-0.7268	1.2008	-0.0032551	1.2255	0.31881
0.26279	-0.72665	1.2011	-0.0032599	1.2254	0.31844
0.26241	-0.7265	1.2014	-0.0032646	1.2253	0.31807
0.26204	-0.72635	1.2016	-0.0032693	1.2251	0.3177
0.26167	-0.72621	1.2019	-0.003274	1.225	0.31733
0.26129	-0.72606	1.2022	-0.0032787	1.2249	0.31695
0.26092	-0.72591	1.2024	-0.0032834	1.2248	0.31658
0.26055	-0.72576	1.2027	-0.0032881	1.2247	0.31621
0.26018	-0.72561	1.203	-0.0032929	1.2245	0.31584
0.2598	-0.72547	1.2032	-0.0032976	1.2244	0.31547
0.25943	-0.72532	1.2035	-0.0033023	1.2243	0.3151
0.25906	-0.72517	1.2038	-0.003307	1.2242	0.31473
0.25868	-0.72502	1.204	-0.0033117	1.2241	0.31436
0.25831	-0.72488	1.2043	-0.0033165	1.2239	0.31398
0.25794	-0.72473	1.2046	-0.0033212	1.2238	0.31361
0.25756	-0.72459	1.2048	-0.0033259	1.2237	0.31324
0.25719	-0.72444	1.2051	-0.0033306	1.2236	0.31287
0.25681	-0.72429	1.2054	-0.0033353	1.2235	0.3125
0.25644	-0.72415	1.2056	-0.0033401	1.2233	0.31213
0.25607	-0.724	1.2059	-0.0033448	1.2232	0.31175
0.25569	-0.72386	1.2062	-0.0033495	1.2231	0.31138
0.25532	-0.72371	1.2064	-0.0033542	1.223	0.31101
0.25494	-0.72357	1.2067	-0.003359	1.2229	0.31064
0.25457	-0.72343	1.2069	-0.0033637	1.2227	0.31027
0.2542	-0.72328	1.2072	-0.0033684	1.2226	0.30989
0.25382	-0.72314	1.2075	-0.0033731	1.2225	0.30952
0.25345	-0.72299	1.2077	-0.0033779	1.2224	0.30915
0.25307	-0.72285	1.208	-0.0033826	1.2223	0.30878
0.2527	-0.72271	1.2082	-0.0033873	1.2222	0.3084
0.25232	-0.72256	1.2085	-0.0033921	1.222	0.30803
0.25195	-0.72242	1.2088	-0.0033968	1.2219	0.30766
0.25157	-0.72228	1.209	-0.0034015	1.2218	0.30729
0.2512	-0.72214	1.2093	-0.0034063	1.2217	0.30691
0.25082	-0.722	1.2095	-0.003411	1.2216	0.30654
0.25045	-0.72185	1.2098	-0.0034157	1.2215	0.30617
0.25007	-0.72171	1.21	-0.0034205	1.2213	0.30579
0.2497	-0.72157	1.2103	-0.0034252	1.2212	0.30542
0.24932	-0.72143	1.2106	-0.0034299	1.2211	0.30505
0.24895	-0.72129	1.2108	-0.0034347	1.221	0.30467
0.24857	-0.72115	1.2111	-0.0034394	1.2209	0.3043
0.2482	-0.72101	1.2113	-0.0034441	1.2208	0.30393
0.24782	-0.72087	1.2116	-0.0034489	1.2206	0.30355
0.24745	-0.72073	1.2118	-0.0034536	1.2205	0.30318
0.24707	-0.72059	1.2121	-0.0034583	1.2204	0.30281
0.2467	-0.72045	1.2123	-0.0034631	1.2203	0.30243
0.24632	-0.72031	1.2126	-0.0034678	1.2202	0.30206
0.24594	-0.72017	1.2128	-0.0034726	1.2201	0.30169
0.24557	-0.72003	1.2131	-0.0034773	1.22	0.30131
0.24519	-0.71989	1.2133	-0.0034821	1.2198	0.30094
0.24482	-0.71975	1.2136	-0.0034868	1.2197	0.30056
0.24444	-0.71962	1.2138	-0.0034915	1.2196	0.30019
0.24406	-0.71948	1.2141	-0.0034963	1.2195	0.29981
0.24369	-0.71934	1.2143	-0.003501	1.2194	0.29944
0.24331	-0.7192	1.2146	-0.0035058	1.2193	0.29907
0.24293	-0.71907	1.2148	-0.0035105	1.2192	0.29869
0.24256	-0.71893	1.2151	-0.0035153	1.2191	0.29832
0.24218	-0.71879	1.2153	-0.00352	1.2189	0.29794
0.2418	-0.71866	1.2156	-0.0035248	1.2188	0.29757
0.24143	-0.71852	1.2158	-0.0035295	1.2187	0.29719
0.24105	-0.71838	1.2161	-0.0035342	1.2186	0.29682
0.24067	-0.71825	1.2163	-0.003539	1.2185	0.29644
0.2403	-0.71811	1.2166	-0.0035437	1.2184	0.29607
0.23992	-0.71798	1.2168	-0.0035485	1.2183	0.29569
0.23954	-0.71784	1.217	-0.0035532	1.2182	0.29532
0.23917	-0.71771	1.2173	-0.003558	1.2181	0.29494
0.23879	-0.71757	1.2175	-0.0035627	1.218	0.29457
0.23841	-0.71744	1.2178	-0.0035675	1.2178	0.29419
0.23803	-0.7173	1.218	-0.0035722	1.2177	0.29382
0.23766	-0.71717	1.2183	-0.003577	1.2176	0.29344
0.23728	-0.71704	1.2185	-0.0035818	1.2175	0.29307
0.2369	-0.7169	1.2187	-0.0035865	1.2174	0.29269
0.23652	-0.71677	1.219	-0.0035913	1.2173	0.29232
0.23615	-0.71664	1.2192	-0.003596	1.2172	0.29194
0.23577	-0.7165	1.2195	-0.0036008	1.2171	0.29157
0.23539	-0.71637	1.2197	-0.0036055	1.217	0.29119
0.23501	-0.71624	1.2199	-0.0036103	1.2169	0.29081
0.23463	-0.71611	1.2202	-0.003615	1.2168	0.29044
0.23426	-0.71597	1.2204	-0.0036198	1.2166	0.29006
0.23388	-0.71584	1.2207	-0.0036245	1.2165	0.28969
0.2335	-0.71571	1.2209	-0.0036293	1.2164	0.28931
0.23312	-0.71558	1.2211	-0.0036341	1.2163	0.28893
0.23274	-0.71545	1.2214	-0.0036388	1.2162	0.28856
0.23237	-0.71532	1.2216	-0.0036436	1.2161	0.28818
0.23199	-0.71519	1.2218	-0.0036483	1.216	0.2878
0.23161	-0.71506	1.2221	-0.0036531	1.2159	0.28743
0.23123	-0.71493	1.2223	-0.0036579	1.2158	0.28705
0.23085	-0.7148	1.2225	-0.0036626	1.2157	0.28667
0.23047	-0.71467	1.2228	-0.0036674	1.2156	0.2863
0.23009	-0.71454	1.223	-0.0036721	1.2155	0.28592
0.22972	-0.71441	1.2232	-0.0036769	1.2154	0.28554
0.22934	-0.71428	1.2235	-0.0036817	1.2153	0.28517
0.22896	-0.71415	1.2237	-0.0036864	1.2152	0.28479
0.22858	-0.71402	1.2239	-0.0036912	1.2151	0.28441
0.2282	-0.71389	1.2242	-0.003696	1.2149	0.28404
0.22782	-0.71376	1.2244	-0.0037007	1.2148	0.28366
0.22744	-0.71364	1.2246	-0.0037055	1.2147	0.28328
0.22706	-0.71351	1.2249	-0.0037103	1.2146	0.2829
0.22668	-0.71338	1.2251	-0.003715	1.2145	0.28253
0.2263	-0.71325	1.2253	-0.0037198	1.2144	0.28215
0.22592	-0.71313	1.2256	-0.0037246	1.2143	0.28177
0.22554	-0.713	1.2258	-0.0037293	1.2142	0.2814
0.22516	-0.71287	1.226	-0.0037341	1.2141	0.28102
0.22478	-0.71275	1.2262	-0.0037389	1.214	0.28064
0.2244	-0.71262	1.2265	-0.0037436	1.2139	0.28026
0.22402	-0.71249	1.2267	-0.0037484	1.2138	0.27988
0.22364	-0.71237	1.2269	-0.0037532	1.2137	0.27951
0.22326	-0.71224	1.2272	-0.0037579	1.2136	0.27913
0.22288	-0.71212	1.2274	-0.0037627	1.2135	0.27875
0.2225	-0.71199	1.2276	-0.0037675	1.2134	0.27837
0.22212	-0.71187	1.2278	-0.0037722	1.2133	0.27799
0.22174	-0.71174	1.2281	-0.003777	1.2132	0.27762
0.22136	-0.71162	1.2283	-0.0037818	1.2131	0.27724
0.22098	-0.7115	1.2285	-0.0037866	1.213	0.27686
0.2206	-0.71137	1.2287	-0.0037913	1.2129	0.27648
0.22022	-0.71125	1.2289	-0.0037961	1.2128	0.2761
0.21984	-0.71112	1.2292	-0.0038009	1.2127	0.27572
0.21946	-0.711	1.2294	-0.0038056	1.2126	0.27535
0.21908	-0.71088	1.2296	-0.0038104	1.2125	0.27497
0.2187	-0.71076	1.2298	-0.0038152	1.2124	0.27459
0.21832	-0.71063	1.2301	-0.00382	1.2123	0.27421
0.21794	-0.71051	1.2303	-0.0038247	1.2122	0.27383
0.21756	-0.71039	1.2305	-0.0038295	1.2121	0.27345
0.21718	-0.71027	1.2307	-0.0038343	1.212	0.27307
0.2168	-0.71014	1.2309	-0.0038391	1.2119	0.27269
0.21641	-0.71002	1.2312	-0.0038438	1.2118	0.27232
0.21603	-0.7099	1.2314	-0.0038486	1.2117	0.27194
0.21565	-0.70978	1.2316	-0.0038534	1.2116	0.27156
0.21527	-0.70966	1.2318	-0.0038582	1.2115	0.27118
0.21489	-0.70954	1.232	-0.003863	1.2114	0.2708
0.21451	-0.70942	1.2322	-0.0038677	1.2113	0.27042
0.21413	-0.7093	1.2325	-0.0038725	1.2112	0.27004
0.21374	-0.70918	1.2327	-0.0038773	1.2111	0.26966
0.21336	-0.70906	1.2329	-0.0038821	1.211	0.26928
0.21298	-0.70894	1.2331	-0.0038868	1.2109	0.2689
0.2126	-0.70882	1.2333	-0.0038916	1.2108	0.26852
0.21222	-0.7087	1.2335	-0.0038964	1.2107	0.26814
0.21184	-0.70858	1.2337	-0.0039012	1.2106	0.26776
0.21145	-0.70847	1.234	-0.003906	1.2105	0.26738
0.21107	-0.70835	1.2342	-0.0039107	1.2104	0.267
0.21069	-0.70823	1.2344	-0.0039155	1.2103	0.26662
0.21031	-0.70811	1.2346	-0.0039203	1.2102	0.26624
0.20993	-0.70799	1.2348	-0.0039251	1.2101	0.26586
0.20954	-0.70788	1.235	-0.0039299	1.2101	0.26548
0.20916	-0.70776	1.2352	-0.0039346	1.21	0.2651
0.20878	-0.70764	1.2354	-0.0039394	1.2099	0.26472
0.2084	-0.70753	1.2357	-0.0039442	1.2098	0.26434
0.20801	-0.70741	1.2359	-0.003949	1.2097	0.26396
0.20763	-0.70729	1.2361	-0.0039538	1.2096	0.26358
0.20725	-0.70718	1.2363	-0.0039586	1.2095	0.2632
0.20687	-0.70706	1.2365	-0.0039633	1.2094	0.26282
0.20648	-0.70694	1.2367	-0.0039681	1.2093	0.26244
0.2061	-0.70683	1.2369	-0.0039729	1.2092	0.26206
0.20572	-0.70671	1.2371	-0.0039777	1.2091	0.26168
0.20533	-0.7066	1.2373	-0.0039825	1.209	0.26129
0.20495	-0.70648	1.2375	-0.0039873	1.2089	0.26091
0.20457	-0.70637	1.2377	-0.0039921	1.2088	0.26053
0.20418	-0.70626	1.2379	-0.0039968	1.2087	0.26015
0.2038	-0.70614	1.2381	-0.0040016	1.2086	0.25977
0.20342	-0.70603	1.2384	-0.0040064	1.2086	0.25939
0.20303	-0.70591	1.2386	-0.0040112	1.2085	0.25901
0.20265	-0.7058	1.2388	-0.004016	1.2084	0.25863
0.20227	-0.70569	1.239	-0.0040208	1.2083	0.25825
0.20188	-0.70558	1.2392	-0.0040256	1.2082	0.25786
0.2015	-0.70546	1.2394	-0.0040303	1.2081	0.25748
0.20112	-0.70535	1.2396	-0.0040351	1.208	0.2571
0.20073	-0.70524	1.2398	-0.0040399	1.2079	0.25672
0.20035	-0.70513	1.24	-0.0040447	1.2078	0.25634
0.19997	-0.70501	1.2402	-0.0040495	1.2077	0.25596
0.19958	-0.7049	1.2404	-0.0040543	1.2076	0.25557
0.1992	-0.70479	1.2406	-0.0040591	1.2075	0.25519
0.19881	-0.70468	1.2408	-0.0040639	1.2075	0.25481
0.19843	-0.70457	1.241	-0.0040686	1.2074	0.25443
0.19805	-0.70446	1.2412	-0.0040734	1.2073	0.25405
0.19766	-0.70435	1.2414	-0.0040782	1.2072	0.25366
0.19728	-0.70424	1.2416	-0.004083	1.2071	0.25328
0.19689	-0.70413	1.2418	-0.0040878	1.207	0.2529
0.19651	-0.70402	1.242	-0.0040926	1.2069	0.25252
0.19612	-0.70391	1.2422	-0.0040974	1.2068	0.25214
0.19574	-0.7038	1.2424	-0.0041022	1.2067	0.25175
0.19536	-0.70369	1.2426	-0.004107	1.2067	0.25137
0.19497	-0.70358	1.2428	-0.0041117	1.2066	0.25099
0.19459	-0.70347	1.2429	-0.0041165	1.2065	0.25061
0.1942	-0.70336	1.2431	-0.0041213	1.2064	0.25022
0.19382	-0.70326	1.2433	-0.0041261	1.2063	0.24984
0.19343	-0.70315	1.2435	-0.0041309	1.2062	0.24946
0.19305	-0.70304	1.2437	-0.0041357	1.2061	0.24907
0.19266	-0.70293	1.2439	-0.0041405	1.206	0.24869
0.19228	-0.70282	1.2441	-0.0041453	1.2059	0.24831
0.19189	-0.70272	1.2443	-0.0041501	1.2059	0.24793
0.19151	-0.70261	1.2445	-0.0041549	1.2058	0.24754
0.19112	-0.7025	1.2447	-0.0041597	1.2057	0.24716
0.19074	-0.7024	1.2449	-0.0041645	1.2056	0.24678
0.19035	-0.70229	1.2451	-0.0041692	1.2055	0.24639
0.18997	-0.70219	1.2453	-0.004174	1.2054	0.24601
0.18958	-0.70208	1.2455	-0.0041788	1.2053	0.24563
0.1892	-0.70197	1.2456	-0.0041836	1.2053	0.24524
0.18881	-0.70187	1.2458	-0.0041884	1.2052	0.24486
0.18842	-0.70176	1.246	-0.0041932	1.2051	0.24448
0.18804	-0.70166	1.2462	-0.004198	1.205	0.24409
0.18765	-0.70155	1.2464	-0.0042028	1.2049	0.24371
0.18727	-0.70145	1.2466	-0.0042076	1.2048	0.24333
0.18688	-0.70135	1.2468	-0.0042124	1.2047	0.24294
0.1865	-0.70124	1.247	-0.0042172	1.2047	0.24256
0.18611	-0.70114	1.2471	-0.004222	1.2046	0.24217
0.18572	-0.70103	1.2473	-0.0042268	1.2045	0.24179
0.18534	-0.70093	1.2475	-0.0042315	1.2044	0.24141
0.18495	-0.70083	1.2477	-0.0042363	1.2043	0.24102
0.18457	-0.70072	1.2479	-0.0042411	1.2042	0.24064
0.18418	-0.70062	1.2481	-0.0042459	1.2042	0.24025
0.18379	-0.70052	1.2483	-0.0042507	1.2041	0.23987
0.18341	-0.70042	1.2484	-0.0042555	1.204	0.23949
0.18302	-0.70032	1.2486	-0.0042603	1.2039	0.2391
0.18264	-0.70021	1.2488	-0.0042651	1.2038	0.23872
0.18225	-0.70011	1.249	-0.0042699	1.2037	0.23833
0.18186	-0.70001	1.2492	-0.0042747	1.2037	0.23795
0.18148	-0.69991	1.2494	-0.0042795	1.2036	0.23756
0.18109	-0.69981	1.2495	-0.0042843	1.2035	0.23718
0.1807	-0.69971	1.2497	-0.0042891	1.2034	0.2368
0.18032	-0.69961	1.2499	-0.0042939	1.2033	0.23641
0.17993	-0.69951	1.2501	-0.0042987	1.2033	0.23603
0.17954	-0.69941	1.2503	-0.0043035	1.2032	0.23564
0.17916	-0.69931	1.2504	-0.0043083	1.2031	0.23526
0.17877	-0.69921	1.2506	-0.004313	1.203	0.23487
0.17838	-0.69911	1.2508	-0.0043178	1.2029	0.23449
0.17799	-0.69901	1.251	-0.0043226	1.2029	0.2341
0.17761	-0.69891	1.2511	-0.0043274	1.2028	0.23372
0.17722	-0.69881	1.2513	-0.0043322	1.2027	0.23333
0.17683	-0.69871	1.2515	-0.004337	1.2026	0.23295
0.17645	-0.69861	1.2517	-0.0043418	1.2025	0.23256
0.17606	-0.69852	1.2518	-0.0043466	1.2025	0.23218
0.17567	-0.69842	1.252	-0.0043514	1.2024	0.23179
0.17528	-0.69832	1.2522	-0.0043562	1.2023	0.23141
0.1749	-0.69822	1.2524	-0.004361	1.2022	0.23102
0.17451	-0.69813	1.2525	-0.0043658	1.2021	0.23063
0.17412	-0.69803	1.2527	-0.0043706	1.2021	0.23025
0.17373	-0.69793	1.2529	-0.0043754	1.202	0.22986
0.17335	-0.69784	1.2531	-0.0043802	1.2019	0.22948
0.17296	-0.69774	1.2532	-0.004385	1.2018	0.22909
0.17257	-0.69764	1.2534	-0.0043898	1.2017	0.22871
0.17218	-0.69755	1.2536	-0.0043946	1.2017	0.22832
0.17179	-0.69745	1.2538	-0.0043993	1.2016	0.22793
0.17141	-0.69736	1.2539	-0.0044041	1.2015	0.22755
0.17102	-0.69726	1.2541	-0.0044089	1.2014	0.22716
0.17063	-0.69717	1.2543	-0.0044137	1.2014	0.22678
0.17024	-0.69707	1.2544	-0.0044185	1.2013	0.22639
0.16985	-0.69698	1.2546	-0.0044233	1.2012	0.22601
0.16947	-0.69688	1.2548	-0.0044281	1.2011	0.22562
0.16908	-0.69679	1.2549	-0.0044329	1.2011	0.22523
0.16869	-0.6967	1.2551	-0.0044377	1.201	0.22485
0.1683	-0.6966	1.2553	-0.0044425	1.2009	0.22446
0.16791	-0.69651	1.2555	-0.0044473	1.2008	0.22407
0.16752	-0.69642	1.2556	-0.0044521	1.2008	0.22369
0.16714	-0.69632	1.2558	-0.0044569	1.2007	0.2233
0.16675	-0.69623	1.2559	-0.0044617	1.2006	0.22291
0.16636	-0.69614	1.2561	-0.0044665	1.2005	0.22253
0.16597	-0.69605	1.2563	-0.0044713	1.2005	0.22214
0.16558	-0.69595	1.2564	-0.0044761	1.2004	0.22175
0.16519	-0.69586	1.2566	-0.0044808	1.2003	0.22137
0.1648	-0.69577	1.2568	-0.0044856	1.2002	0.22098
0.16441	-0.69568	1.2569	-0.0044904	1.2002	0.22059
0.16403	-0.69559	1.2571	-0.0044952	1.2001	0.22021
0.16364	-0.6955	1.2573	-0.0045	1.2	0.21982
0.16325	-0.69541	1.2574	-0.0045048	1.1999	0.21943
0.16286	-0.69532	1.2576	-0.0045096	1.1999	0.21905
0.16247	-0.69523	1.2578	-0.0045144	1.1998	0.21866
0.16208	-0.69514	1.2579	-0.0045192	1.1997	0.21827
0.16169	-0.69505	1.2581	-0.004524	1.1996	0.21789
0.1613	-0.69496	1.2582	-0.0045288	1.1996	0.2175
0.16091	-0.69487	1.2584	-0.0045336	1.1995	0.21711
0.16052	-0.69478	1.2586	-0.0045384	1.1994	0.21672
0.16013	-0.69469	1.2587	-0.0045432	1.1994	0.21634
0.15974	-0.6946	1.2589	-0.0045479	1.1993	0.21595
0.15935	-0.69451	1.259	-0.0045527	1.1992	0.21556
0.15897	-0.69442	1.2592	-0.0045575	1.1991	0.21517
0.15858	-0.69434	1.2593	-0.0045623	1.1991	0.21479
0.15819	-0.69425	1.2595	-0.0045671	1.199	0.2144
0.1578	-0.69416	1.2597	-0.0045719	1.1989	0.21401
0.15741	-0.69407	1.2598	-0.0045767	1.1989	0.21362
0.15702	-0.69399	1.26	-0.0045815	1.1988	0.21324
0.15663	-0.6939	1.2601	-0.0045863	1.1987	0.21285
0.15624	-0.69381	1.2603	-0.0045911	1.1986	0.21246
0.15585	-0.69373	1.2604	-0.0045959	1.1986	0.21207
0.15546	-0.69364	1.2606	-0.0046006	1.1985	0.21168
0.15507	-0.69355	1.2607	-0.0046054	1.1984	0.2113
0.15468	-0.69347	1.2609	-0.0046102	1.1984	0.21091
0.15429	-0.69338	1.2611	-0.004615	1.1983	0.21052
0.1539	-0.6933	1.2612	-0.0046198	1.1982	0.21013
0.15351	-0.69321	1.2614	-0.0046246	1.1982	0.20974
0.15312	-0.69313	1.2615	-0.0046294	1.1981	0.20936
0.15273	-0.69304	1.2617	-0.0046342	1.198	0.20897
0.15234	-0.69296	1.2618	-0.004639	1.198	0.20858
0.15195	-0.69287	1.262	-0.0046438	1.1979	0.20819
0.15155	-0.69279	1.2621	-0.0046485	1.1978	0.2078
0.15116	-0.6927	1.2623	-0.0046533	1.1977	0.20741
0.15077	-0.69262	1.2624	-0.0046581	1.1977	0.20703
0.15038	-0.69254	1.2626	-0.0046629	1.1976	0.20664
0.14999	-0.69245	1.2627	-0.0046677	1.1975	0.20625
0.1496	-0.69237	1.2629	-0.0046725	1.1975	0.20586
0.14921	-0.69229	1.263	-0.0046773	1.1974	0.20547
0.14882	-0.69221	1.2632	-0.0046821	1.1973	0.20508
0.14843	-0.69212	1.2633	-0.0046868	1.1973	0.20469
0.14804	-0.69204	1.2635	-0.0046916	1.1972	0.20431
0.14765	-0.69196	1.2636	-0.0046964	1.1971	0.20392
0.14726	-0.69188	1.2637	-0.0047012	1.1971	0.20353
0.14687	-0.6918	1.2639	-0.004706	1.197	0.20314
0.14647	-0.69172	1.264	-0.0047108	1.1969	0.20275
0.14608	-0.69164	1.2642	-0.0047156	1.1969	0.20236
0.14569	-0.69155	1.2643	-0.0047203	1.1968	0.20197
0.1453	-0.69147	1.2645	-0.0047251	1.1967	0.20158
0.14491	-0.69139	1.2646	-0.0047299	1.1967	0.20119
0.14452	-0.69131	1.2648	-0.0047347	1.1966	0.2008
0.14413	-0.69123	1.2649	-0.0047395	1.1966	0.20041
0.14374	-0.69115	1.265	-0.0047443	1.1965	0.20003
0.14334	-0.69107	1.2652	-0.0047491	1.1964	0.19964
0.14295	-0.691	1.2653	-0.0047538	1.1964	0.19925
0.14256	-0.69092	1.2655	-0.0047586	1.1963	0.19886
0.14217	-0.69084	1.2656	-0.0047634	1.1962	0.19847
0.14178	-0.69076	1.2658	-0.0047682	1.1962	0.19808
0.14139	-0.69068	1.2659	-0.004773	1.1961	0.19769
0.141	-0.6906	1.266	-0.0047777	1.196	0.1973
0.1406	-0.69052	1.2662	-0.0047825	1.196	0.19691
0.14021	-0.69045	1.2663	-0.0047873	1.1959	0.19652
0.13982	-0.69037	1.2664	-0.0047921	1.1959	0.19613
0.13943	-0.69029	1.2666	-0.0047969	1.1958	0.19574
0.13904	-0.69022	1.2667	-0.0048017	1.1957	0.19535
0.13864	-0.69014	1.2669	-0.0048064	1.1957	0.19496
0.13825	-0.69006	1.267	-0.0048112	1.1956	0.19457
0.13786	-0.68999	1.2671	-0.004816	1.1955	0.19418
0.13747	-0.68991	1.2673	-0.0048208	1.1955	0.19379
0.13708	-0.68983	1.2674	-0.0048256	1.1954	0.1934
0.13668	-0.68976	1.2675	-0.0048303	1.1954	0.19301
0.13629	-0.68968	1.2677	-0.0048351	1.1953	0.19262
0.1359	-0.68961	1.2678	-0.0048399	1.1952	0.19223
0.13551	-0.68953	1.2679	-0.0048447	1.1952	0.19184
0.13511	-0.68946	1.2681	-0.0048494	1.1951	0.19145
0.13472	-0.68938	1.2682	-0.0048542	1.1951	0.19106
0.13433	-0.68931	1.2683	-0.004859	1.195	0.19067
0.13394	-0.68923	1.2685	-0.0048638	1.1949	0.19028
0.13355	-0.68916	1.2686	-0.0048685	1.1949	0.18989
0.13315	-0.68909	1.2687	-0.0048733	1.1948	0.1895
0.13276	-0.68901	1.2689	-0.0048781	1.1948	0.18911
0.13237	-0.68894	1.269	-0.0048829	1.1947	0.18872
0.13197	-0.68887	1.2691	-0.0048876	1.1946	0.18833
0.13158	-0.68879	1.2693	-0.0048924	1.1946	0.18793
0.13119	-0.68872	1.2694	-0.0048972	1.1945	0.18754
0.1308	-0.68865	1.2695	-0.004902	1.1945	0.18715
0.1304	-0.68858	1.2697	-0.0049067	1.1944	0.18676
0.13001	-0.68851	1.2698	-0.0049115	1.1943	0.18637
0.12962	-0.68843	1.2699	-0.0049163	1.1943	0.18598
0.12922	-0.68836	1.27	-0.0049211	1.1942	0.18559
0.12883	-0.68829	1.2702	-0.0049258	1.1942	0.1852
0.12844	-0.68822	1.2703	-0.0049306	1.1941	0.18481
0.12805	-0.68815	1.2704	-0.0049354	1.1941	0.18442
0.12765	-0.68808	1.2705	-0.0049401	1.194	0.18403
0.12726	-0.68801	1.2707	-0.0049449	1.1939	0.18363
0.12687	-0.68794	1.2708	-0.0049497	1.1939	0.18324
0.12647	-0.68787	1.2709	-0.0049545	1.1938	0.18285
0.12608	-0.6878	1.271	-0.0049592	1.1938	0.18246
0.12569	-0.68773	1.2712	-0.004964	1.1937	0.18207
0.12529	-0.68766	1.2713	-0.0049688	1.1937	0.18168
0.1249	-0.68759	1.2714	-0.0049735	1.1936	0.18129
0.12451	-0.68752	1.2715	-0.0049783	1.1935	0.1809
0.12411	-0.68745	1.2717	-0.0049831	1.1935	0.1805
0.12372	-0.68738	1.2718	-0.0049878	1.1934	0.18011
0.12333	-0.68732	1.2719	-0.0049926	1.1934	0.17972
0.12293	-0.68725	1.272	-0.0049974	1.1933	0.17933
0.12254	-0.68718	1.2721	-0.0050021	1.1933	0.17894
0.12215	-0.68711	1.2723	-0.0050069	1.1932	0.17855
0.12175	-0.68705	1.2724	-0.0050116	1.1932	0.17816
0.12136	-0.68698	1.2725	-0.0050164	1.1931	0.17776
0.12096	-0.68691	1.2726	-0.0050212	1.193	0.17737
0.12057	-0.68684	1.2727	-0.0050259	1.193	0.17698
0.12018	-0.68678	1.2729	-0.0050307	1.1929	0.17659
0.11978	-0.68671	1.273	-0.0050355	1.1929	0.1762
0.11939	-0.68665	1.2731	-0.0050402	1.1928	0.1758
0.11899	-0.68658	1.2732	-0.005045	1.1928	0.17541
0.1186	-0.68652	1.2733	-0.0050497	1.1927	0.17502
0.11821	-0.68645	1.2735	-0.0050545	1.1927	0.17463
0.11781	-0.68638	1.2736	-0.0050593	1.1926	0.17424
0.11742	-0.68632	1.2737	-0.005064	1.1926	0.17384
0.11702	-0.68626	1.2738	-0.0050688	1.1925	0.17345
0.11663	-0.68619	1.2739	-0.0050735	1.1925	0.17306
0.11624	-0.68613	1.274	-0.0050783	1.1924	0.17267
0.11584	-0.68606	1.2741	-0.0050831	1.1924	0.17228
0.11545	-0.686	1.2743	-0.0050878	1.1923	0.17188
0.11505	-0.68594	1.2744	-0.0050926	1.1922	0.17149
0.11466	-0.68587	1.2745	-0.0050973	1.1922	0.1711
0.11426	-0.68581	1.2746	-0.0051021	1.1921	0.17071
0.11387	-0.68575	1.2747	-0.0051068	1.1921	0.17031
0.11348	-0.68568	1.2748	-0.0051116	1.192	0.16992
0.11308	-0.68562	1.2749	-0.0051163	1.192	0.16953
0.11269	-0.68556	1.275	-0.0051211	1.1919	0.16914
0.11229	-0.6855	1.2752	-0.0051258	1.1919	0.16874
0.1119	-0.68543	1.2753	-0.0051306	1.1918	0.16835
0.1115	-0.68537	1.2754	-0.0051353	1.1918	0.16796
0.11111	-0.68531	1.2755	-0.0051401	1.1917	0.16757
0.11071	-0.68525	1.2756	-0.0051448	1.1917	0.16717
0.11032	-0.68519	1.2757	-0.0051496	1.1916	0.16678
0.10992	-0.68513	1.2758	-0.0051543	1.1916	0.16639
0.10953	-0.68507	1.2759	-0.0051591	1.1915	0.166
0.10913	-0.68501	1.276	-0.0051638	1.1915	0.1656
0.10874	-0.68495	1.2761	-0.0051686	1.1914	0.16521
0.10834	-0.68489	1.2762	-0.0051733	1.1914	0.16482
0.10795	-0.68483	1.2763	-0.0051781	1.1913	0.16442
0.10755	-0.68477	1.2765	-0.0051828	1.1913	0.16403
0.10716	-0.68471	1.2766	-0.0051876	1.1912	0.16364
0.10676	-0.68465	1.2767	-0.0051923	1.1912	0.16325
0.10637	-0.68459	1.2768	-0.0051971	1.1912	0.16285
0.10597	-0.68453	1.2769	-0.0052018	1.1911	0.16246
0.10558	-0.68448	1.277	-0.0052065	1.1911	0.16207
0.10518	-0.68442	1.2771	-0.0052113	1.191	0.16167
0.10479	-0.68436	1.2772	-0.005216	1.191	0.16128
0.10439	-0.6843	1.2773	-0.0052208	1.1909	0.16089
0.104	-0.68424	1.2774	-0.0052255	1.1909	0.16049
0.1036	-0.68419	1.2775	-0.0052302	1.1908	0.1601
0.10321	-0.68413	1.2776	-0.005235	1.1908	0.15971
0.10281	-0.68407	1.2777	-0.0052397	1.1907	0.15931
0.10242	-0.68402	1.2778	-0.0052445	1.1907	0.15892
0.10202	-0.68396	1.2779	-0.0052492	1.1906	0.15853
0.10163	-0.6839	1.278	-0.0052539	1.1906	0.15813
0.10123	-0.68385	1.2781	-0.0052587	1.1905	0.15774
0.10084	-0.68379	1.2782	-0.0052634	1.1905	0.15735
0.10044	-0.68374	1.2783	-0.0052681	1.1905	0.15695
0.10004	-0.68368	1.2784	-0.0052729	1.1904	0.15656
0.099649	-0.68363	1.2785	-0.0052776	1.1904	0.15617
0.099253	-0.68357	1.2786	-0.0052823	1.1903	0.15577
0.098857	-0.68352	1.2787	-0.0052871	1.1903	0.15538
0.098462	-0.68346	1.2788	-0.0052918	1.1902	0.15498
0.098066	-0.68341	1.2789	-0.0052965	1.1902	0.15459
0.09767	-0.68336	1.279	-0.0053013	1.1901	0.1542
0.097274	-0.6833	1.2791	-0.005306	1.1901	0.1538
0.096878	-0.68325	1.2792	-0.0053107	1.1901	0.15341
0.096483	-0.6832	1.2793	-0.0053155	1.19	0.15301
0.096087	-0.68314	1.2794	-0.0053202	1.19	0.15262
0.095691	-0.68309	1.2795	-0.0053249	1.1899	0.15223
0.095295	-0.68304	1.2795	-0.0053296	1.1899	0.15183
0.094899	-0.68298	1.2796	-0.0053344	1.1898	0.15144
0.094503	-0.68293	1.2797	-0.0053391	1.1898	0.15105
0.094107	-0.68288	1.2798	-0.0053438	1.1898	0.15065
0.093711	-0.68283	1.2799	-0.0053485	1.1897	0.15026
0.093315	-0.68278	1.28	-0.0053533	1.1897	0.14986
0.092918	-0.68273	1.2801	-0.005358	1.1896	0.14947
0.092522	-0.68268	1.2802	-0.0053627	1.1896	0.14907
0.092126	-0.68262	1.2803	-0.0053674	1.1895	0.14868
0.09173	-0.68257	1.2804	-0.0053721	1.1895	0.14829
0.091334	-0.68252	1.2805	-0.0053769	1.1895	0.14789
0.090937	-0.68247	1.2805	-0.0053816	1.1894	0.1475
0.090541	-0.68242	1.2806	-0.0053863	1.1894	0.1471
0.090145	-0.68237	1.2807	-0.005391	1.1893	0.14671
0.089748	-0.68232	1.2808	-0.0053957	1.1893	0.14631
0.089352	-0.68228	1.2809	-0.0054004	1.1893	0.14592
0.088955	-0.68223	1.281	-0.0054052	1.1892	0.14553
0.088559	-0.68218	1.2811	-0.0054099	1.1892	0.14513
0.088163	-0.68213	1.2812	-0.0054146	1.1891	0.14474
0.087766	-0.68208	1.2813	-0.0054193	1.1891	0.14434
0.087369	-0.68203	1.2813	-0.005424	1.1891	0.14395
0.086973	-0.68198	1.2814	-0.0054287	1.189	0.14355
0.086576	-0.68194	1.2815	-0.0054334	1.189	0.14316
0.08618	-0.68189	1.2816	-0.0054381	1.1889	0.14276
0.085783	-0.68184	1.2817	-0.0054428	1.1889	0.14237
0.085386	-0.68179	1.2818	-0.0054476	1.1889	0.14197
0.08499	-0.68175	1.2818	-0.0054523	1.1888	0.14158
0.084593	-0.6817	1.2819	-0.005457	1.1888	0.14118
0.084196	-0.68165	1.282	-0.0054617	1.1887	0.14079
0.083799	-0.68161	1.2821	-0.0054664	1.1887	0.1404
0.083403	-0.68156	1.2822	-0.0054711	1.1887	0.14
0.083006	-0.68152	1.2823	-0.0054758	1.1886	0.13961
0.082609	-0.68147	1.2823	-0.0054805	1.1886	0.13921
0.082212	-0.68143	1.2824	-0.0054852	1.1886	0.13882
0.081815	-0.68138	1.2825	-0.0054899	1.1885	0.13842
0.081418	-0.68134	1.2826	-0.0054946	1.1885	0.13803
0.081021	-0.68129	1.2827	-0.0054993	1.1884	0.13763
0.080624	-0.68125	1.2827	-0.005504	1.1884	0.13724
0.080227	-0.6812	1.2828	-0.0055087	1.1884	0.13684
0.07983	-0.68116	1.2829	-0.0055134	1.1883	0.13645
0.079433	-0.68111	1.283	-0.0055181	1.1883	0.13605
0.079036	-0.68107	1.2831	-0.0055228	1.1883	0.13566
0.078639	-0.68103	1.2831	-0.0055275	1.1882	0.13526
0.078242	-0.68098	1.2832	-0.0055322	1.1882	0.13486
0.077845	-0.68094	1.2833	-0.0055369	1.1882	0.13447
0.077447	-0.6809	1.2834	-0.0055416	1.1881	0.13407
0.07705	-0.68086	1.2834	-0.0055462	1.1881	0.13368
0.076653	-0.68081	1.2835	-0.0055509	1.188	0.13328
0.076256	-0.68077	1.2836	-0.0055556	1.188	0.13289
0.075858	-0.68073	1.2837	-0.0055603	1.188	0.13249
0.075461	-0.68069	1.2837	-0.005565	1.1879	0.1321
0.075064	-0.68065	1.2838	-0.0055697	1.1879	0.1317
0.074666	-0.68061	1.2839	-0.0055744	1.1879	0.13131
0.074269	-0.68057	1.284	-0.0055791	1.1878	0.13091
0.073872	-0.68052	1.284	-0.0055837	1.1878	0.13052
0.073474	-0.68048	1.2841	-0.0055884	1.1878	0.13012
0.073077	-0.68044	1.2842	-0.0055931	1.1877	0.12973
0.072679	-0.6804	1.2842	-0.0055978	1.1877	0.12933
0.072282	-0.68036	1.2843	-0.0056025	1.1877	0.12893
0.071884	-0.68032	1.2844	-0.0056072	1.1876	0.12854
0.071487	-0.68028	1.2845	-0.0056118	1.1876	0.12814
0.071089	-0.68025	1.2845	-0.0056165	1.1876	0.12775
0.070692	-0.68021	1.2846	-0.0056212	1.1875	0.12735
0.070294	-0.68017	1.2847	-0.0056259	1.1875	0.12696
0.069896	-0.68013	1.2847	-0.0056305	1.1875	0.12656
0.069499	-0.68009	1.2848	-0.0056352	1.1874	0.12616
0.069101	-0.68005	1.2849	-0.0056399	1.1874	0.12577
0.068703	-0.68002	1.2849	-0.0056446	1.1874	0.12537
0.068306	-0.67998	1.285	-0.0056492	1.1873	0.12498
0.067908	-0.67994	1.2851	-0.0056539	1.1873	0.12458
0.06751	-0.6799	1.2851	-0.0056586	1.1873	0.12419
0.067112	-0.67987	1.2852	-0.0056632	1.1873	0.12379
0.066715	-0.67983	1.2853	-0.0056679	1.1872	0.12339
0.066317	-0.67979	1.2853	-0.0056726	1.1872	0.123
0.065919	-0.67976	1.2854	-0.0056773	1.1872	0.1226
0.065521	-0.67972	1.2855	-0.0056819	1.1871	0.12221
0.065123	-0.67968	1.2855	-0.0056866	1.1871	0.12181
0.064725	-0.67965	1.2856	-0.0056912	1.1871	0.12141
0.064327	-0.67961	1.2856	-0.0056959	1.187	0.12102
0.063929	-0.67958	1.2857	-0.0057006	1.187	0.12062
0.063531	-0.67954	1.2858	-0.0057052	1.187	0.12023
0.063133	-0.67951	1.2858	-0.0057099	1.187	0.11983
0.062735	-0.67947	1.2859	-0.0057146	1.1869	0.11943
0.062337	-0.67944	1.286	-0.0057192	1.1869	0.11904
0.061939	-0.67941	1.286	-0.0057239	1.1869	0.11864
0.061541	-0.67937	1.2861	-0.0057285	1.1868	0.11825
0.061143	-0.67934	1.2861	-0.0057332	1.1868	0.11785
0.060745	-0.6793	1.2862	-0.0057378	1.1868	0.11745
0.060347	-0.67927	1.2863	-0.0057425	1.1868	0.11706
0.059949	-0.67924	1.2863	-0.0057471	1.1867	0.11666
0.059551	-0.6792	1.2864	-0.0057518	1.1867	0.11626
0.059152	-0.67917	1.2864	-0.0057564	1.1867	0.11587
0.058754	-0.67914	1.2865	-0.0057611	1.1866	0.11547
0.058356	-0.67911	1.2865	-0.0057657	1.1866	0.11508
0.057958	-0.67908	1.2866	-0.0057704	1.1866	0.11468
0.057559	-0.67904	1.2867	-0.005775	1.1866	0.11428
0.057161	-0.67901	1.2867	-0.0057797	1.1865	0.11389
0.056763	-0.67898	1.2868	-0.0057843	1.1865	0.11349
0.056365	-0.67895	1.2868	-0.005789	1.1865	0.11309
0.055966	-0.67892	1.2869	-0.0057936	1.1865	0.1127
0.055568	-0.67889	1.2869	-0.0057983	1.1864	0.1123
0.05517	-0.67886	1.287	-0.0058029	1.1864	0.1119
0.054771	-0.67883	1.287	-0.0058075	1.1864	0.11151
0.054373	-0.6788	1.2871	-0.0058122	1.1864	0.11111
0.053974	-0.67877	1.2872	-0.0058168	1.1863	0.11071
0.053576	-0.67874	1.2872	-0.0058214	1.1863	0.11032
0.053177	-0.67871	1.2873	-0.0058261	1.1863	0.10992
0.052779	-0.67868	1.2873	-0.0058307	1.1863	0.10953
0.05238	-0.67865	1.2874	-0.0058353	1.1862	0.10913
0.051982	-0.67862	1.2874	-0.00584	1.1862	0.10873
0.051583	-0.67859	1.2875	-0.0058446	1.1862	0.10834
0.051185	-0.67857	1.2875	-0.0058492	1.1862	0.10794
0.050786	-0.67854	1.2876	-0.0058539	1.1861	0.10754
0.050388	-0.67851	1.2876	-0.0058585	1.1861	0.10715
0.049989	-0.67848	1.2877	-0.0058631	1.1861	0.10675
0.049591	-0.67846	1.2877	-0.0058677	1.1861	0.10635
0.049192	-0.67843	1.2878	-0.0058724	1.186	0.10596
0.048793	-0.6784	1.2878	-0.005877	1.186	0.10556
0.048395	-0.67838	1.2879	-0.0058816	1.186	0.10516
0.047996	-0.67835	1.2879	-0.0058862	1.186	0.10476
0.047597	-0.67832	1.2879	-0.0058909	1.1859	0.10437
0.047199	-0.6783	1.288	-0.0058955	1.1859	0.10397
0.0468	-0.67827	1.288	-0.0059001	1.1859	0.10357
0.046401	-0.67825	1.2881	-0.0059047	1.1859	0.10318
0.046003	-0.67822	1.2881	-0.0059093	1.1859	0.10278
0.045604	-0.67819	1.2882	-0.005914	1.1858	0.10238
0.045205	-0.67817	1.2882	-0.0059186	1.1858	0.10199
0.044806	-0.67814	1.2883	-0.0059232	1.1858	0.10159
0.044407	-0.67812	1.2883	-0.0059278	1.1858	0.10119
0.044009	-0.6781	1.2883	-0.0059324	1.1857	0.1008
0.04361	-0.67807	1.2884	-0.005937	1.1857	0.1004
0.043211	-0.67805	1.2884	-0.0059416	1.1857	0.1
0.042812	-0.67802	1.2885	-0.0059462	1.1857	0.099605
0.042413	-0.678	1.2885	-0.0059508	1.1857	0.099208
0.042014	-0.67798	1.2886	-0.0059554	1.1856	0.098811
0.041615	-0.67796	1.2886	-0.00596	1.1856	0.098414
0.041217	-0.67793	1.2886	-0.0059646	1.1856	0.098017
0.040818	-0.67791	1.2887	-0.0059692	1.1856	0.09762
0.040419	-0.67789	1.2887	-0.0059738	1.1856	0.097223
0.04002	-0.67787	1.2888	-0.0059784	1.1855	0.096826
0.039621	-0.67784	1.2888	-0.005983	1.1855	0.096429
0.039222	-0.67782	1.2888	-0.0059876	1.1855	0.096032
0.038823	-0.6778	1.2889	-0.0059922	1.1855	0.095634
0.038424	-0.67778	1.2889	-0.0059968	1.1855	0.095237
0.038025	-0.67776	1.289	-0.0060014	1.1855	0.09484
0.037626	-0.67774	1.289	-0.006006	1.1854	0.094443
0.037227	-0.67772	1.289	-0.0060106	1.1854	0.094046
0.036828	-0.6777	1.2891	-0.0060152	1.1854	0.093649
0.036429	-0.67768	1.2891	-0.0060198	1.1854	0.093251
0.03603	-0.67766	1.2891	-0.0060244	1.1854	0.092854
0.035631	-0.67764	1.2892	-0.006029	1.1853	0.092457
0.035231	-0.67762	1.2892	-0.0060336	1.1853	0.09206
0.034832	-0.6776	1.2892	-0.0060381	1.1853	0.091662
0.035231	-0.67762	1.2892	-0.0060336	1.1853	0.09206
0.035631	-0.67764	1.2892	-0.006029	1.1853	0.092457
0.03603	-0.67766	1.2891	-0.0060244	1.1854	0.092854
0.036429	-0.67768	1.2891	-0.0060198	1.1854	0.093251
0.036828	-0.6777	1.2891	-0.0060152	1.1854	0.093649
0.037227	-0.67772	1.289	-0.0060106	1.1854	0.094046
0.037626	-0.67774	1.289	-0.006006	1.1854	0.094443
0.038025	-0.67776	1.289	-0.0060014	1.1855	0.09484
0.038424	-0.67778	1.2889	-0.0059968	1.1855	0.095237
0.038823	-0.6778	1.2889	-0.0059922	1.1855	0.095634
0.039222	-0.67782	1.2888	-0.0059876	1.1855	0.096032
0.039621	-0.67784	1.2888	-0.005983	1.1855	0.096429
0.04002	-0.67787	1.2888	-0.0059784	1.1855	0.096826
0.040419	-0.67789	1.2887	-0.0059738	1.1856	0.097223
0.040818	-0.67791	1.2887	-0.0059692	1.1856	0.09762
0.041217	-0.67793	1.2886	-0.0059646	1.1856	0.098017
0.041615	-0.67796	1.2886	-0.00596	1.1856	0.098414
0.042014	-0.67798	1.2886	-0.0059554	1.1856	0.098811
0.042413	-0.678	1.2885	-0.0059508	1.1857	0.099208
0.042812	-0.67802	1.2885	-0.0059462	1.1857	0.099605
0.043211	-0.67805	1.2884	-0.0059416	1.1857	0.1
0.04361	-0.67807	1.2884	-0.005937	1.1857	0.1004
0.044009	-0.6781	1.2883	-0.0059324	1.1857	0.1008
0.044407	-0.67812	1.2883	-0.0059278	1.1858	0.10119
0.044806	-0.67814	1.2883	-0.0059232	1.1858	0.10159
0.045205	-0.67817	1.2882	-0.0059186	1.1858	0.10199
0.045604	-0.67819	1.2882	-0.005914	1.1858	0.10238
0.046003	-0.67822	1.2881	-0.0059093	1.1859	0.10278
0.046401	-0.67825	1.2881	-0.0059047	1.1859	0.10318
0.0468	-0.67827	1.288	-0.0059001	1.1859	0.10357
0.047199	-0.6783	1.288	-0.0058955	1.1859	0.10397
0.047597	-0.67832	1.2879	-0.0058909	1.1859	0.10437
0.047996	-0.67835	1.2879	-0.0058862	1.186	0.10476
0.048395	-0.67838	1.2879	-0.0058816	1.186	0.10516
0.048793	-0.6784	1.2878	-0.005877	1.186	0.10556
0.049192	-0.67843	1.2878	-0.0058724	1.186	0.10596
0.049591	-0.67846	1.2877	-0.0058677	1.1861	0.10635
0.049989	-0.67848	1.2877	-0.0058631	1.1861	0.10675
0.050388	-0.67851	1.2876	-0.0058585	1.1861	0.10715
0.050786	-0.67854	1.2876	-0.0058539	1.1861	0.10754
0.051185	-0.67857	1.2875	-0.0058492	1.1862	0.10794
0.051583	-0.67859	1.2875	-0.0058446	1.1862	0.10834
0.051982	-0.67862	1.2874	-0.00584	1.1862	0.10873
0.05238	-0.67865	1.2874	-0.0058353	1.1862	0.10913
0.052779	-0.67868	1.2873	-0.0058307	1.1863	0.10953
0.053177	-0.67871	1.2873	-0.0058261	1.1863	0.10992
0.053576	-0.67874	1.2872	-0.0058214	1.1863	0.11032
0.053974	-0.67877	1.2872	-0.0058168	1.1863	0.11071
0.054373	-0.6788	1.2871	-0.0058122	1.1864	0.11111
0.054771	-0.67883	1.287	-0.0058075	1.1864	0.11151
0.05517	-0.67886	1.287	-0.0058029	1.1864	0.1119
0.055568	-0.67889	1.2869	-0.0057983	1.1864	0.1123
0.055966	-0.67892	1.2869	-0.0057936	1.1865	0.1127
0.056365	-0.67895	1.2868	-0.005789	1.1865	0.11309
0.056763	-0.67898	1.2868	-0.0057843	1.1865	0.11349
0.057161	-0.67901	1.2867	-0.0057797	1.1865	0.11389
0.057559	-0.67904	1.2867	-0.005775	1.1866	0.11428
0.057958	-0.67908	1.2866	-0.0057704	1.1866	0.11468
0.058356	-0.67911	1.2865	-0.0057657	1.1866	0.11508
0.058754	-0.67914	1.2865	-0.0057611	1.1866	0.11547
0.059152	-0.67917	1.2864	-0.0057564	1.1867	0.11587
0.059551	-0.6792	1.2864	-0.0057518	1.1867	0.11626
0.059949	-0.67924	1.2863	-0.0057471	1.1867	0.11666
0.060347	-0.67927	1.2863	-0.0057425	1.1868	0.11706
0.060745	-0.6793	1.2862	-0.0057378	1.1868	0.11745
0.061143	-0.67934	1.2861	-0.0057332	1.1868	0.11785
0.061541	-0.67937	1.2861	-0.0057285	1.1868	0.11825
0.061939	-0.67941	1.286	-0.0057239	1.1869	0.11864
0.062337	-0.67944	1.286	-0.0057192	1.1869	0.11904
0.062735	-0.67947	1.2859	-0.0057146	1.1869	0.11943
0.063133	-0.67951	1.2858	-0.0057099	1.187	0.11983
0.063531	-0.67954	1.2858	-0.0057052	1.187	0.12023
0.063929	-0.67958	1.2857	-0.0057006	1.187	0.12062
0.064327	-0.67961	1.2856	-0.0056959	1.187	0.12102
0.064725	-0.67965	1.2856	-0.0056912	1.1871	0.12141
0.065123	-0.67968	1.2855	-0.0056866	1.1871	0.12181
0.065521	-0.67972	1.2855	-0.0056819	1.1871	0.12221
0.065919	-0.67976	1.2854	-0.0056773	1.1872	0.1226
0.066317	-0.67979	1.2853	-0.0056726	1.1872	0.123
0.066715	-0.67983	1.2853	-0.0056679	1.1872	0.12339
0.067112	-0.67987	1.2852	-0.0056632	1.1873	0.12379
0.06751	-0.6799	1.2851	-0.0056586	1.1873	0.12419
0.067908	-0.67994	1.2851	-0.0056539	1.1873	0.12458
0.068306	-0.67998	1.285	-0.0056492	1.1873	0.12498
0.068703	-0.68002	1.2849	-0.0056446	1.1874	0.12537
0.069101	-0.68005	1.2849	-0.0056399	1.1874	0.12577
0.069499	-0.68009	1.2848	-0.0056352	1.1874	0.12616
0.069896	-0.68013	1.2847	-0.0056305	1.1875	0.12656
0.070294	-0.68017	1.2847	-0.0056259	1.1875	0.12696
0.070692	-0.68021	1.2846	-0.0056212	1.1875	0.12735
0.071089	-0.68025	1.2845	-0.0056165	1.1876	0.12775
0.071487	-0.68028	1.2845	-0.0056118	1.1876	0.12814
0.071884	-0.68032	1.2844	-0.0056072	1.1876	0.12854
0.072282	-0.68036	1.2843	-0.0056025	1.1877	0.12893
0.072679	-0.6804	1.2842	-0.0055978	1.1877	0.12933
0.073077	-0.68044	1.2842	-0.0055931	1.1877	0.12973
0.073474	-0.68048	1.2841	-0.0055884	1.1878	0.13012
0.073872	-0.68052	1.284	-0.0055837	1.1878	0.13052
0.074269	-0.68057	1.284	-0.0055791	1.1878	0.13091
0.074666	-0.68061	1.2839	-0.0055744	1.1879	0.13131
0.075064	-0.68065	1.2838	-0.0055697	1.1879	0.1317
0.075461	-0.68069	1.2837	-0.005565	1.1879	0.1321
0.075858	-0.68073	1.2837	-0.0055603	1.188	0.13249
0.076256	-0.68077	1.2836	-0.0055556	1.188	0.13289
0.076653	-0.68081	1.2835	-0.0055509	1.188	0.13328
0.07705	-0.68086	1.2834	-0.0055462	1.1881	0.13368
0.077447	-0.6809	1.2834	-0.0055416	1.1881	0.13407
0.077845	-0.68094	1.2833	-0.0055369	1.1882	0.13447
0.078242	-0.68098	1.2832	-0.0055322	1.1882	0.13486
0.078639	-0.68103	1.2831	-0.0055275	1.1882	0.13526
0.079036	-0.68107	1.2831	-0.0055228	1.1883	0.13566
0.079433	-0.68111	1.283	-0.0055181	1.1883	0.13605
0.07983	-0.68116	1.2829	-0.0055134	1.1883	0.13645
0.080227	-0.6812	1.2828	-0.0055087	1.1884	0.13684
0.080624	-0.68125	1.2827	-0.005504	1.1884	0.13724
0.081021	-0.68129	1.2827	-0.0054993	1.1884	0.13763
0.081418	-0.68134	1.2826	-0.0054946	1.1885	0.13803
0.081815	-0.68138	1.2825	-0.0054899	1.1885	0.13842
0.082212	-0.68143	1.2824	-0.0054852	1.1886	0.13882
0.082609	-0.68147	1.2823	-0.0054805	1.1886	0.13921
0.083006	-0.68152	1.2823	-0.0054758	1.1886	0.13961
0.083403	-0.68156	1.2822	-0.0054711	1.1887	0.14
0.083799	-0.68161	1.2821	-0.0054664	1.1887	0.1404
0.084196	-0.68165	1.282	-0.0054617	1.1887	0.14079
0.084593	-0.6817	1.2819	-0.005457	1.1888	0.14118
0.08499	-0.68175	1.2818	-0.0054523	1.1888	0.14158
0.085386	-0.68179	1.2818	-0.0054476	1.1889	0.14197
0.085783	-0.68184	1.2817	-0.0054428	1.1889	0.14237
0.08618	-0.68189	1.2816	-0.0054381	1.1889	0.14276
0.086576	-0.68194	1.2815	-0.0054334	1.189	0.14316
0.086973	-0.68198	1.2814	-0.0054287	1.189	0.14355
0.087369	-0.68203	1.2813	-0.005424	1.1891	0.14395
0.087766	-0.68208	1.2813	-0.0054193	1.1891	0.14434
0.088163	-0.68213	1.2812	-0.0054146	1.1891	0.14474
0.088559	-0.68218	1.2811	-0.0054099	1.1892	0.14513
0.088955	-0.68223	1.281	-0.0054052	1.1892	0.14553
0.089352	-0.68228	1.2809	-0.0054004	1.1893	0.14592
0.089748	-0.68232	1.2808	-0.0053957	1.1893	0.14631
0.090145	-0.68237	1.2807	-0.005391	1.1893	0.14671
0.090541	-0.68242	1.2806	-0.0053863	1.1894	0.1471
0.090937	-0.68247	1.2805	-0.0053816	1.1894	0.1475
0.091334	-0.68252	1.2805	-0.0053769	1.1895	0.14789
0.09173	-0.68257	1.2804	-0.0053721	1.1895	0.14829
0.092126	-0.68262	1.2803	-0.0053674	1.1895	0.14868
0.092522	-0.68268	1.2802	-0.0053627	1.1896	0.14907
0.092918	-0.68273	1.2801	-0.005358	1.1896	0.14947
0.093315	-0.68278	1.28	-0.0053533	1.1897	0.14986
0.093711	-0.68283	1.2799	-0.0053485	1.1897	0.15026
0.094107	-0.68288	1.2798	-0.0053438	1.1898	0.15065
0.094503	-0.68293	1.2797	-0.0053391	1.1898	0.15105
0.094899	-0.68298	1.2796	-0.0053344	1.1898	0.15144
0.095295	-0.68304	1.2795	-0.0053296	1.1899	0.15183
0.095691	-0.68309	1.2795	-0.0053249	1.1899	0.15223
0.096087	-0.68314	1.2794	-0.0053202	1.19	0.15262
0.096483	-0.6832	1.2793	-0.0053155	1.19	0.15301
0.096878	-0.68325	1.2792	-0.0053107	1.1901	0.15341
0.097274	-0.6833	1.2791	-0.005306	1.1901	0.1538
0.09767	-0.68336	1.279	-0.0053013	1.1901	0.1542
0.098066	-0.68341	1.2789	-0.0052965	1.1902	0.15459
0.098462	-0.68346	1.2788	-0.0052918	1.1902	0.15498
0.098857	-0.68352	1.2787	-0.0052871	1.1903	0.15538
0.099253	-0.68357	1.2786	-0.0052823	1.1903	0.15577
0.099649	-0.68363	1.2785	-0.0052776	1.1904	0.15617
0.10004	-0.68368	1.2784	-0.0052729	1.1904	0.15656
0.10044	-0.68374	1.2783	-0.0052681	1.1905	0.15695
0.10084	-0.68379	1.2782	-0.0052634	1.1905	0.15735
0.10123	-0.68385	1.2781	-0.0052587	1.1905	0.15774
0.10163	-0.6839	1.278	-0.0052539	1.1906	0.15813
0.10202	-0.68396	1.2779	-0.0052492	1.1906	0.15853
0.10242	-0.68402	1.2778	-0.0052445	1.1907	0.15892
0.10281	-0.68407	1.2777	-0.0052397	1.1907	0.15931
0.10321	-0.68413	1.2776	-0.005235	1.1908	0.15971
0.1036	-0.68419	1.2775	-0.0052302	1.1908	0.1601
0.104	-0.68424	1.2774	-0.0052255	1.1909	0.16049
0.10439	-0.6843	1.2773	-0.0052208	1.1909	0.16089
0.10479	-0.68436	1.2772	-0.005216	1.191	0.16128
0.10518	-0.68442	1.2771	-0.0052113	1.191	0.16167
0.10558	-0.68448	1.277	-0.0052065	1.1911	0.16207
0.10597	-0.68453	1.2769	-0.0052018	1.1911	0.16246
0.10637	-0.68459	1.2768	-0.0051971	1.1912	0.16285
0.10676	-0.68465	1.2767	-0.0051923	1.1912	0.16325
0.10716	-0.68471	1.2766	-0.0051876	1.1912	0.16364
0.10755	-0.68477	1.2765	-0.0051828	1.1913	0.16403
0.10795	-0.68483	1.2763	-0.0051781	1.1913	0.16442
0.10834	-0.68489	1.2762	-0.0051733	1.1914	0.16482
0.10874	-0.68495	1.2761	-0.0051686	1.1914	0.16521
0.10913	-0.68501	1.276	-0.0051638	1.1915	0.1656
0.10953	-0.68507	1.2759	-0.0051591	1.1915	0.166
0.10992	-0.68513	1.2758	-0.0051543	1.1916	0.16639
0.11032	-0.68519	1.2757	-0.0051496	1.1916	0.16678
0.11071	-0.68525	1.2756	-0.0051448	1.1917	0.16717
0.11111	-0.68531	1.2755	-0.0051401	1.1917	0.16757
0.1115	-0.68537	1.2754	-0.0051353	1.1918	0.16796
0.1119	-0.68543	1.2753	-0.0051306	1.1918	0.16835
0.11229	-0.6855	1.2752	-0.0051258	1.1919	0.16874
0.11269	-0.68556	1.275	-0.0051211	1.1919	0.16914
0.11308	-0.68562	1.2749	-0.0051163	1.192	0.16953
0.11348	-0.68568	1.2748	-0.0051116	1.192	0.16992
0.11387	-0.68575	1.2747	-0.0051068	1.1921	0.17031
0.11426	-0.68581	1.2746	-0.0051021	1.1921	0.17071
