-0.017436	-0.95944	2.2321	0.0010996	-1.6476	-0.00047124
-0.013959	-0.95945	2.2322	0.0045855	-1.6476	-0.00029677
-0.010484	-0.95945	2.2322	0.0080697	-1.6477	-0.00012213
-0.0070124	-0.95945	2.2322	0.01155	-1.6477	5.246e-05
-0.003547	-0.95945	2.2323	0.015025	-1.6477	0.00022677
0	-0.95945	2.2323	0.018581	-1.6477	0.00040509
0.0033576	-0.95945	2.2323	0.021947	-1.6477	0.00057367
0.0067926	-0.95945	2.2322	0.025391	-1.6477	0.00074582
0.010213	-0.95945	2.2322	0.028821	-1.6476	0.0009168
0.013617	-0.95945	2.2322	0.032233	-1.6476	0.0010864
0.017003	-0.95944	2.2321	0.035628	-1.6475	0.0012545
0.020368	-0.95944	2.2321	0.039002	-1.6475	0.0014207
0.023711	-0.95944	2.232	0.042353	-1.6474	0.0015851
0.027029	-0.95943	2.232	0.045679	-1.6473	0.0017472
0.03032	-0.95943	2.2319	0.048978	-1.6472	0.001907
0.033583	-0.95942	2.2318	0.052249	-1.6471	0.0020644
0.036815	-0.95942	2.2317	0.055489	-1.647	0.002219
0.040015	-0.95941	2.2316	0.058696	-1.6469	0.0023709
0.04318	-0.9594	2.2315	0.061869	-1.6468	0.0025197
0.046309	-0.9594	2.2313	0.065006	-1.6466	0.0026655
0.0494	-0.95939	2.2312	0.068104	-1.6465	0.0028081
0.052451	-0.95938	2.2311	0.071161	-1.6463	0.0029474
0.05546	-0.95938	2.2309	0.074177	-1.6462	0.0030832
0.058426	-0.95937	2.2308	0.077149	-1.646	0.0032155
0.061346	-0.95936	2.2306	0.080075	-1.6458	0.0033442
0.064219	-0.95935	2.2305	0.082955	-1.6456	0.0034693
0.067043	-0.95934	2.2303	0.085785	-1.6455	0.0035906
0.069818	-0.95933	2.2301	0.088564	-1.6453	0.0037081
0.07254	-0.95932	2.23	0.091292	-1.6451	0.0038218
0.075208	-0.95931	2.2298	0.093966	-1.6449	0.0039317
0.077822	-0.9593	2.2296	0.096584	-1.6447	0.0040377
0.080379	-0.9593	2.2294	0.099146	-1.6445	0.0041398
0.082878	-0.95929	2.2293	0.10165	-1.6443	0.0042381
0.085317	-0.95928	2.2291	0.10409	-1.6441	0.0043325
0.087696	-0.95927	2.2289	0.10648	-1.6439	0.004423
0.090012	-0.95926	2.2287	0.1088	-1.6437	0.0045098
0.092265	-0.95925	2.2285	0.11105	-1.6435	0.0045927
0.094454	-0.95924	2.2284	0.11324	-1.6433	0.0046719
0.096576	-0.95923	2.2282	0.11537	-1.6431	0.0047475
0.098631	-0.95922	2.228	0.11743	-1.6429	0.0048193
0.10062	-0.95921	2.2278	0.11942	-1.6427	0.0048876
0.10254	-0.9592	2.2277	0.12134	-1.6425	0.0049524
0.10438	-0.95919	2.2275	0.12319	-1.6423	0.0050137
0.10616	-0.95919	2.2273	0.12497	-1.6421	0.0050716
0.10786	-0.95918	2.2272	0.12667	-1.642	0.0051263
0.10949	-0.95917	2.227	0.1283	-1.6418	0.0051777
0.11105	-0.95916	2.2268	0.12986	-1.6416	0.0052259
0.11253	-0.95916	2.2267	0.13134	-1.6415	0.0052711
0.11393	-0.95915	2.2266	0.13275	-1.6413	0.0053132
0.11526	-0.95914	2.2264	0.13408	-1.6412	0.0053525
0.11651	-0.95914	2.2263	0.13533	-1.641	0.0053889
0.11768	-0.95913	2.2262	0.1365	-1.6409	0.0054225
0.11878	-0.95912	2.2261	0.1376	-1.6408	0.0054534
0.11979	-0.95912	2.226	0.13861	-1.6407	0.0054818
0.12073	-0.95911	2.2259	0.13955	-1.6405	0.0055075
0.12158	-0.95911	2.2258	0.14041	-1.6404	0.0055308
0.12235	-0.95911	2.2257	0.14118	-1.6403	0.0055517
0.12305	-0.9591	2.2256	0.14187	-1.6403	0.0055702
0.12366	-0.9591	2.2255	0.14249	-1.6402	0.0055863
0.12419	-0.9591	2.2255	0.14302	-1.6401	0.0056002
0.12464	-0.95909	2.2254	0.14346	-1.6401	0.0056119
0.125	-0.95909	2.2254	0.14383	-1.64	0.0056213
0.12528	-0.95909	2.2254	0.14411	-1.64	0.0056286
0.12548	-0.95909	2.2253	0.14431	-1.64	0.0056338
0.1256	-0.95909	2.2253	0.14443	-1.64	0.0056368
0.12564	-0.95909	2.2253	0.14446	-1.64	0.0056377
0.12559	-0.95909	2.2253	0.14442	-1.64	0.0056364
0.12546	-0.95909	2.2253	0.14428	-1.64	0.0056331
0.12524	-0.95909	2.2254	0.14407	-1.64	0.0056276
0.12495	-0.95909	2.2254	0.14377	-1.64	0.0056199
0.12457	-0.95909	2.2254	0.14339	-1.6401	0.0056101
0.12411	-0.9591	2.2255	0.14293	-1.6401	0.0055981
0.12356	-0.9591	2.2255	0.14239	-1.6402	0.0055838
0.12294	-0.9591	2.2256	0.14176	-1.6403	0.0055672
0.12223	-0.95911	2.2257	0.14106	-1.6404	0.0055484
0.12144	-0.95911	2.2258	0.14027	-1.6405	0.0055271
0.12058	-0.95911	2.2259	0.1394	-1.6406	0.0055034
0.11963	-0.95912	2.226	0.13845	-1.6407	0.0054772
0.1186	-0.95913	2.2261	0.13742	-1.6408	0.0054485
0.11749	-0.95913	2.2262	0.13631	-1.6409	0.0054171
0.11631	-0.95914	2.2263	0.13513	-1.6411	0.005383
0.11504	-0.95914	2.2264	0.13386	-1.6412	0.0053461
0.1137	-0.95915	2.2266	0.13252	-1.6413	0.0053064
0.11229	-0.95916	2.2267	0.1311	-1.6415	0.0052637
0.11079	-0.95916	2.2269	0.12961	-1.6417	0.0052181
0.10922	-0.95917	2.227	0.12804	-1.6418	0.0051693
0.10758	-0.95918	2.2272	0.12639	-1.642	0.0051174
0.10587	-0.95919	2.2273	0.12467	-1.6422	0.0050622
0.10408	-0.9592	2.2275	0.12288	-1.6424	0.0050037
0.10222	-0.9592	2.2277	0.12102	-1.6425	0.0049418
0.10029	-0.95921	2.2279	0.11909	-1.6427	0.0048765
0.098293	-0.95922	2.228	0.11709	-1.6429	0.0048076
0.096227	-0.95923	2.2282	0.11502	-1.6431	0.0047351
0.094093	-0.95924	2.2284	0.11288	-1.6433	0.004659
0.091894	-0.95925	2.2286	0.11068	-1.6435	0.0045792
0.089631	-0.95926	2.2287	0.10841	-1.6437	0.0044956
0.087304	-0.95927	2.2289	0.10608	-1.6439	0.0044082
0.084915	-0.95928	2.2291	0.10369	-1.6441	0.004317
0.082465	-0.95929	2.2293	0.10124	-1.6443	0.004222
0.079957	-0.9593	2.2295	0.098723	-1.6445	0.0041231
0.07739	-0.95931	2.2296	0.096152	-1.6447	0.0040203
0.074767	-0.95932	2.2298	0.093524	-1.6449	0.0039136
0.07209	-0.95932	2.23	0.090841	-1.6451	0.0038031
0.069359	-0.95933	2.2302	0.088105	-1.6453	0.0036888
0.066576	-0.95934	2.2303	0.085317	-1.6455	0.0035706
0.063743	-0.95935	2.2305	0.082478	-1.6457	0.0034487
0.060862	-0.95936	2.2306	0.079591	-1.6458	0.003323
0.057934	-0.95937	2.2308	0.076657	-1.646	0.0031937
0.054962	-0.95938	2.2309	0.073677	-1.6462	0.0030608
0.051945	-0.95938	2.2311	0.070654	-1.6463	0.0029244
0.048888	-0.95939	2.2312	0.06759	-1.6465	0.0027846
0.04579	-0.9594	2.2314	0.064485	-1.6466	0.0026415
0.042655	-0.95941	2.2315	0.061343	-1.6468	0.0024951
0.039484	-0.95941	2.2316	0.058164	-1.6469	0.0023458
0.036279	-0.95942	2.2317	0.054951	-1.647	0.0021934
0.033041	-0.95942	2.2318	0.051706	-1.6471	0.0020383
0.029774	-0.95943	2.2319	0.04843	-1.6472	0.0018806
0.026478	-0.95943	2.232	0.045126	-1.6473	0.0017203
0.023155	-0.95944	2.232	0.041796	-1.6474	0.0015578
0.019809	-0.95944	2.2321	0.038441	-1.6475	0.0013932
0.01644	-0.95944	2.2322	0.035064	-1.6476	0.0012266
0.013051	-0.95945	2.2322	0.031666	-1.6476	0.0010583
0.0096442	-0.95945	2.2322	0.02825	-1.6477	0.0008884
0.006221	-0.95945	2.2323	0.024818	-1.6477	0.0007172
0.0027839	-0.95945	2.2323	0.021372	-1.6477	0.00054488
-0.00066519	-0.95945	2.2323	0.017914	-1.6477	0.00037166
-0.0041241	-0.95945	2.2323	0.014446	-1.6477	0.00019775
-0.0075906	-0.95945	2.2322	0.01097	-1.6477	2.3375e-05
-0.011063	-0.95945	2.2322	0.0074892	-1.6477	-0.00015124
-0.014538	-0.95944	2.2322	0.0040045	-1.6476	-0.00032587
-0.018015	-0.95944	2.2321	0.00051856	-1.6476	-0.00050028
-0.021492	-0.95944	2.2321	-0.0029666	-1.6475	-0.00067426
-0.024965	-0.95943	2.232	-0.0064489	-1.6474	-0.00084758
-0.028433	-0.95943	2.2319	-0.009926	-1.6473	-0.00102
-0.031894	-0.95942	2.2318	-0.013396	-1.6472	-0.0011913
-0.035346	-0.95942	2.2317	-0.016857	-1.6471	-0.0013614
-0.038787	-0.95941	2.2316	-0.020306	-1.647	-0.0015298
-0.042214	-0.95941	2.2315	-0.023742	-1.6469	-0.0016966
-0.045626	-0.9594	2.2314	-0.027162	-1.6467	-0.0018614
-0.04902	-0.95939	2.2312	-0.030564	-1.6466	-0.0020241
-0.052395	-0.95938	2.2311	-0.033947	-1.6464	-0.0021844
-0.055747	-0.95937	2.2309	-0.037308	-1.6462	-0.0023423
-0.059077	-0.95937	2.2307	-0.040645	-1.6461	-0.0024974
-0.06238	-0.95936	2.2306	-0.043956	-1.6459	-0.0026498
-0.065657	-0.95935	2.2304	-0.04724	-1.6457	-0.0027992
-0.068903	-0.95934	2.2302	-0.050493	-1.6455	-0.0029454
-0.072118	-0.95932	2.23	-0.053715	-1.6452	-0.0030884
-0.0753	-0.95931	2.2298	-0.056904	-1.645	-0.0032279
-0.078446	-0.9593	2.2296	-0.060057	-1.6448	-0.003364
-0.081555	-0.95929	2.2294	-0.063172	-1.6445	-0.0034965
-0.084626	-0.95928	2.2291	-0.066248	-1.6443	-0.0036254
-0.087655	-0.95927	2.2289	-0.069284	-1.644	-0.0037504
-0.090642	-0.95925	2.2287	-0.072276	-1.6438	-0.0038716
-0.093585	-0.95924	2.2284	-0.075225	-1.6435	-0.003989
-0.096482	-0.95923	2.2282	-0.078127	-1.6433	-0.0041024
-0.099331	-0.95922	2.2279	-0.080981	-1.643	-0.0042118
-0.10213	-0.9592	2.2277	-0.083785	-1.6427	-0.0043173
-0.10488	-0.95919	2.2274	-0.086539	-1.6425	-0.0044188
-0.10758	-0.95918	2.2272	-0.08924	-1.6422	-0.0045163
-0.11022	-0.95917	2.2269	-0.091886	-1.6419	-0.0046098
-0.11281	-0.95915	2.2267	-0.094477	-1.6416	-0.0046993
-0.11534	-0.95914	2.2264	-0.097011	-1.6413	-0.004785
-0.11781	-0.95913	2.2262	-0.099487	-1.6411	-0.0048667
-0.12022	-0.95912	2.2259	-0.1019	-1.6408	-0.0049446
-0.12257	-0.9591	2.2257	-0.10426	-1.6405	-0.0050187
-0.12486	-0.95909	2.2254	-0.10655	-1.6402	-0.0050891
-0.12709	-0.95908	2.2252	-0.10878	-1.64	-0.0051558
-0.12925	-0.95907	2.2249	-0.11094	-1.6397	-0.005219
-0.13134	-0.95906	2.2247	-0.11304	-1.6394	-0.0052787
-0.13337	-0.95905	2.2244	-0.11507	-1.6392	-0.005335
-0.13533	-0.95904	2.2242	-0.11703	-1.6389	-0.005388
-0.13722	-0.95902	2.224	-0.11892	-1.6387	-0.0054378
-0.13904	-0.95901	2.2237	-0.12074	-1.6384	-0.0054845
-0.14079	-0.959	2.2235	-0.12249	-1.6382	-0.0055281
-0.14246	-0.95899	2.2233	-0.12417	-1.638	-0.0055689
-0.14407	-0.95899	2.2231	-0.12577	-1.6378	-0.0056069
-0.1456	-0.95898	2.2229	-0.1273	-1.6376	-0.0056421
-0.14705	-0.95897	2.2227	-0.12876	-1.6373	-0.0056748
-0.14843	-0.95896	2.2225	-0.13014	-1.6372	-0.0057051
-0.14974	-0.95895	2.2224	-0.13144	-1.637	-0.0057329
-0.15096	-0.95895	2.2222	-0.13267	-1.6368	-0.0057585
-0.15211	-0.95894	2.222	-0.13382	-1.6366	-0.0057819
-0.15318	-0.95893	2.2219	-0.13489	-1.6365	-0.0058032
-0.15417	-0.95893	2.2218	-0.13589	-1.6363	-0.0058225
-0.15509	-0.95892	2.2216	-0.1368	-1.6362	-0.0058399
-0.15592	-0.95892	2.2215	-0.13763	-1.6361	-0.0058555
-0.15667	-0.95891	2.2214	-0.13839	-1.6359	-0.0058693
-0.15735	-0.95891	2.2213	-0.13906	-1.6358	-0.0058815
-0.15794	-0.9589	2.2212	-0.13965	-1.6358	-0.005892
-0.15845	-0.9589	2.2212	-0.14016	-1.6357	-0.005901
-0.15888	-0.9589	2.2211	-0.14059	-1.6356	-0.0059084
-0.15923	-0.9589	2.221	-0.14094	-1.6356	-0.0059144
-0.15949	-0.95889	2.221	-0.14121	-1.6355	-0.0059189
-0.15968	-0.95889	2.221	-0.14139	-1.6355	-0.005922
-0.15978	-0.95889	2.221	-0.14149	-1.6355	-0.0059238
-0.1598	-0.95889	2.221	-0.14151	-1.6355	-0.0059241
-0.15974	-0.95889	2.221	-0.14145	-1.6355	-0.0059231
-0.1596	-0.95889	2.221	-0.14131	-1.6355	-0.0059207
-0.15937	-0.95889	2.221	-0.14108	-1.6355	-0.0059168
-0.15906	-0.9589	2.2211	-0.14078	-1.6356	-0.0059116
-0.15867	-0.9589	2.2211	-0.14039	-1.6356	-0.0059049
-0.1582	-0.9589	2.2212	-0.13992	-1.6357	-0.0058967
-0.15765	-0.95891	2.2213	-0.13937	-1.6358	-0.0058869
-0.15702	-0.95891	2.2214	-0.13873	-1.6359	-0.0058756
-0.15631	-0.95891	2.2215	-0.13802	-1.636	-0.0058626
-0.15551	-0.95892	2.2216	-0.13723	-1.6361	-0.0058479
-0.15464	-0.95892	2.2217	-0.13635	-1.6363	-0.0058314
-0.15369	-0.95893	2.2218	-0.1354	-1.6364	-0.0058131
-0.15266	-0.95894	2.222	-0.13437	-1.6365	-0.0057928
-0.15155	-0.95894	2.2221	-0.13326	-1.6367	-0.0057704
-0.15036	-0.95895	2.2223	-0.13207	-1.6369	-0.005746
-0.14909	-0.95896	2.2224	-0.1308	-1.6371	-0.0057193
-0.14775	-0.95896	2.2226	-0.12946	-1.6373	-0.0056903
-0.14633	-0.95897	2.2228	-0.12804	-1.6375	-0.0056588
-0.14484	-0.95898	2.223	-0.12655	-1.6377	-0.0056248
-0.14328	-0.95899	2.2232	-0.12498	-1.6379	-0.0055882
-0.14164	-0.959	2.2234	-0.12334	-1.6381	-0.0055489
-0.13992	-0.95901	2.2236	-0.12163	-1.6383	-0.0055067
-0.13814	-0.95902	2.2239	-0.11984	-1.6386	-0.0054615
-0.13628	-0.95903	2.2241	-0.11798	-1.6388	-0.0054133
-0.13436	-0.95904	2.2243	-0.11606	-1.6391	-0.0053619
-0.13236	-0.95905	2.2245	-0.11406	-1.6393	-0.0053073
-0.1303	-0.95906	2.2248	-0.112	-1.6396	-0.0052493
-0.12818	-0.95907	2.225	-0.10987	-1.6398	-0.0051879
-0.12598	-0.95909	2.2253	-0.10767	-1.6401	-0.0051229
-0.12372	-0.9591	2.2255	-0.10541	-1.6404	-0.0050544
-0.1214	-0.95911	2.2258	-0.10309	-1.6407	-0.0049821
-0.11902	-0.95912	2.226	-0.1007	-1.6409	-0.0049061
-0.11658	-0.95914	2.2263	-0.098257	-1.6412	-0.0048263
-0.11408	-0.95915	2.2265	-0.095752	-1.6415	-0.0047426
-0.11152	-0.95916	2.2268	-0.093189	-1.6418	-0.004655
-0.1089	-0.95917	2.2271	-0.09057	-1.642	-0.0045635
-0.10623	-0.95919	2.2273	-0.087896	-1.6423	-0.004468
-0.10351	-0.9592	2.2276	-0.085168	-1.6426	-0.0043685
-0.10074	-0.95921	2.2278	-0.082389	-1.6429	-0.0042651
-0.097912	-0.95922	2.2281	-0.07956	-1.6431	-0.0041576
-0.095039	-0.95924	2.2283	-0.076681	-1.6434	-0.0040462
-0.092119	-0.95925	2.2285	-0.073756	-1.6437	-0.0039308
-0.089154	-0.95926	2.2288	-0.070786	-1.6439	-0.0038115
-0.086146	-0.95927	2.229	-0.067771	-1.6442	-0.0036884
-0.083095	-0.95929	2.2292	-0.064715	-1.6444	-0.0035614
-0.080005	-0.9593	2.2295	-0.061619	-1.6447	-0.0034307
-0.076877	-0.95931	2.2297	-0.058485	-1.6449	-0.0032964
-0.073713	-0.95932	2.2299	-0.055314	-1.6451	-0.0031586
-0.070515	-0.95933	2.2301	-0.052108	-1.6454	-0.0030173
-0.067284	-0.95934	2.2303	-0.04887	-1.6456	-0.0028727
-0.064022	-0.95935	2.2305	-0.045601	-1.6458	-0.0027249
-0.060732	-0.95936	2.2307	-0.042304	-1.646	-0.002574
-0.057415	-0.95937	2.2308	-0.038979	-1.6462	-0.0024202
-0.054074	-0.95938	2.231	-0.03563	-1.6463	-0.0022637
-0.05071	-0.95939	2.2311	-0.032258	-1.6465	-0.0021045
-0.047325	-0.9594	2.2313	-0.028865	-1.6467	-0.001943
-0.043922	-0.9594	2.2314	-0.025454	-1.6468	-0.0017792
-0.040502	-0.95941	2.2316	-0.022026	-1.6469	-0.0016134
-0.037068	-0.95942	2.2317	-0.018583	-1.6471	-0.0014458
-0.033621	-0.95942	2.2318	-0.015128	-1.6472	-0.0012765
-0.030165	-0.95943	2.2319	-0.011662	-1.6473	-0.0011058
-0.0267	-0.95943	2.232	-0.0081882	-1.6474	-0.00093392
-0.023229	-0.95944	2.232	-0.0047082	-1.6475	-0.00076102
-0.019754	-0.95944	2.2321	-0.0012243	-1.6475	-0.00058734
-0.016277	-0.95944	2.2322	0.0022616	-1.6476	-0.00041312
-0.0128	-0.95945	2.2322	0.0057472	-1.6476	-0.00023857
-0.0093261	-0.95945	2.2322	0.0092304	-1.6477	-6.3916e-05
-0.0058565	-0.95945	2.2323	0.012709	-1.6477	0.00011061
-0.0023935	-0.95945	2.2323	0.016181	-1.6477	0.00028478
0.0010607	-0.95945	2.2323	0.019644	-1.6477	0.00045837
0.0045041	-0.95945	2.2323	0.023097	-1.6477	0.00063117
0.0079345	-0.95945	2.2322	0.026536	-1.6477	0.00080295
0.01135	-0.95945	2.2322	0.02996	-1.6476	0.00097351
0.014748	-0.95944	2.2322	0.033367	-1.6476	0.0011426
0.018127	-0.95944	2.2321	0.036755	-1.6475	0.0013101
0.021485	-0.95944	2.2321	0.040121	-1.6475	0.0014757
0.02482	-0.95943	2.232	0.043464	-1.6474	0.0016394
0.028129	-0.95943	2.2319	0.046782	-1.6473	0.0018007
0.031411	-0.95943	2.2318	0.050072	-1.6472	0.0019598
0.034664	-0.95942	2.2317	0.053333	-1.6471	0.0021162
0.037885	-0.95941	2.2316	0.056562	-1.647	0.0022699
0.041074	-0.95941	2.2315	0.059758	-1.6468	0.0024208
0.044227	-0.9594	2.2314	0.062919	-1.6467	0.0025687
0.047344	-0.9594	2.2313	0.066043	-1.6466	0.0027134
0.050422	-0.95939	2.2312	0.069127	-1.6464	0.0028549
0.053459	-0.95938	2.231	0.072171	-1.6463	0.002993
0.056454	-0.95937	2.2309	0.075173	-1.6461	0.0031277
0.059404	-0.95936	2.2307	0.07813	-1.6459	0.0032588
0.062309	-0.95936	2.2306	0.08104	-1.6458	0.0033863
0.065166	-0.95935	2.2304	0.083903	-1.6456	0.0035101
0.067974	-0.95934	2.2302	0.086717	-1.6454	0.0036302
0.070731	-0.95933	2.2301	0.089479	-1.6452	0.0037464
0.073435	-0.95932	2.2299	0.092189	-1.645	0.0038589
0.076086	-0.95931	2.2297	0.094845	-1.6448	0.0039675
0.078681	-0.9593	2.2296	0.097444	-1.6446	0.0040722
0.081218	-0.95929	2.2294	0.099987	-1.6444	0.004173
0.083698	-0.95928	2.2292	0.10247	-1.6442	0.00427
0.086117	-0.95927	2.229	0.10489	-1.644	0.0043631
0.088475	-0.95926	2.2288	0.10726	-1.6438	0.0044524
0.090771	-0.95925	2.2287	0.10956	-1.6436	0.0045378
0.093002	-0.95925	2.2285	0.11179	-1.6434	0.0046195
0.095168	-0.95924	2.2283	0.11396	-1.6432	0.0046975
0.097268	-0.95923	2.2281	0.11606	-1.643	0.0047718
0.099301	-0.95922	2.2279	0.1181	-1.6428	0.0048425
0.10126	-0.95921	2.2278	0.12007	-1.6426	0.0049096
0.10316	-0.9592	2.2276	0.12196	-1.6425	0.0049732
0.10498	-0.95919	2.2274	0.12379	-1.6423	0.0050334
0.10673	-0.95918	2.2273	0.12554	-1.6421	0.0050902
0.10841	-0.95918	2.2271	0.12722	-1.6419	0.0051437
0.11002	-0.95917	2.2269	0.12883	-1.6417	0.0051941
0.11155	-0.95916	2.2268	0.13036	-1.6416	0.0052413
0.113	-0.95915	2.2267	0.13182	-1.6414	0.0052854
0.11438	-0.95915	2.2265	0.1332	-1.6413	0.0053266
0.11568	-0.95914	2.2264	0.1345	-1.6411	0.0053649
0.11691	-0.95913	2.2263	0.13573	-1.641	0.0054004
0.11806	-0.95913	2.2261	0.13688	-1.6409	0.0054331
0.11912	-0.95912	2.226	0.13795	-1.6407	0.0054632
0.12011	-0.95912	2.2259	0.13893	-1.6406	0.0054906
0.12102	-0.95911	2.2258	0.13984	-1.6405	0.0055156
0.12185	-0.95911	2.2257	0.14067	-1.6404	0.005538
0.12259	-0.9591	2.2257	0.14142	-1.6403	0.0055581
0.12326	-0.9591	2.2256	0.14209	-1.6402	0.0055758
0.12384	-0.9591	2.2255	0.14267	-1.6402	0.0055912
0.12435	-0.9591	2.2255	0.14317	-1.6401	0.0056044
0.12477	-0.95909	2.2254	0.14359	-1.6401	0.0056153
0.12511	-0.95909	2.2254	0.14393	-1.64	0.005624
0.12536	-0.95909	2.2253	0.14419	-1.64	0.0056306
0.12553	-0.95909	2.2253	0.14436	-1.64	0.005635
0.12562	-0.95909	2.2253	0.14445	-1.64	0.0056373
0.12563	-0.95909	2.2253	0.14446	-1.64	0.0056375
0.12555	-0.95909	2.2253	0.14438	-1.64	0.0056355
0.12539	-0.95909	2.2253	0.14422	-1.64	0.0056315
0.12515	-0.95909	2.2254	0.14398	-1.64	0.0056253
0.12483	-0.95909	2.2254	0.14366	-1.6401	0.0056169
0.12442	-0.95909	2.2255	0.14325	-1.6401	0.0056063
0.12393	-0.9591	2.2255	0.14276	-1.6402	0.0055936
0.12336	-0.9591	2.2256	0.14219	-1.6402	0.0055785
0.12271	-0.9591	2.2256	0.14154	-1.6403	0.0055612
0.12198	-0.95911	2.2257	0.1408	-1.6404	0.0055416
0.12116	-0.95911	2.2258	0.13999	-1.6405	0.0055195
0.12027	-0.95912	2.2259	0.13909	-1.6406	0.005495
0.11929	-0.95912	2.226	0.13812	-1.6407	0.0054679
0.11824	-0.95913	2.2261	0.13706	-1.6408	0.0054383
0.11711	-0.95913	2.2262	0.13593	-1.641	0.005406
0.11589	-0.95914	2.2264	0.13471	-1.6411	0.005371
0.1146	-0.95915	2.2265	0.13342	-1.6412	0.0053332
0.11324	-0.95915	2.2266	0.13205	-1.6414	0.0052925
0.1118	-0.95916	2.2268	0.13061	-1.6416	0.0052489
0.11028	-0.95917	2.2269	0.12909	-1.6417	0.0052022
0.10869	-0.95917	2.2271	0.1275	-1.6419	0.0051524
0.10702	-0.95918	2.2272	0.12583	-1.6421	0.0050994
0.10528	-0.95919	2.2274	0.12409	-1.6422	0.0050431
0.10347	-0.9592	2.2276	0.12227	-1.6424	0.0049835
0.10159	-0.95921	2.2277	0.12039	-1.6426	0.0049204
0.099633	-0.95922	2.2279	0.11843	-1.6428	0.0048539
0.097612	-0.95923	2.2281	0.11641	-1.643	0.0047838
0.095523	-0.95923	2.2283	0.11432	-1.6432	0.0047102
0.093368	-0.95924	2.2284	0.11216	-1.6434	0.0046328
0.091147	-0.95925	2.2286	0.10993	-1.6436	0.0045517
0.088862	-0.95926	2.2288	0.10764	-1.6438	0.0044669
0.086514	-0.95927	2.229	0.10529	-1.644	0.0043782
0.084105	-0.95928	2.2292	0.10288	-1.6442	0.0042858
0.081636	-0.95929	2.2293	0.1004	-1.6444	0.0041894
0.079107	-0.9593	2.2295	0.097872	-1.6446	0.0040892
0.076522	-0.95931	2.2297	0.095282	-1.6448	0.0039852
0.073881	-0.95932	2.2299	0.092636	-1.645	0.0038772
0.071185	-0.95933	2.23	0.089935	-1.6452	0.0037654
0.068437	-0.95934	2.2302	0.087181	-1.6454	0.0036498
0.065637	-0.95935	2.2304	0.084376	-1.6456	0.0035304
0.062788	-0.95935	2.2305	0.081521	-1.6457	0.0034072
0.059891	-0.95936	2.2307	0.078618	-1.6459	0.0032803
0.056948	-0.95937	2.2308	0.075669	-1.6461	0.0031498
0.053961	-0.95938	2.231	0.072674	-1.6462	0.0030157
0.050931	-0.95939	2.2311	0.069638	-1.6464	0.0028782
0.04786	-0.95939	2.2313	0.066559	-1.6465	0.0027372
0.044749	-0.9594	2.2314	0.063442	-1.6467	0.002593
0.041602	-0.95941	2.2315	0.060287	-1.6468	0.0024457
0.038419	-0.95941	2.2316	0.057097	-1.647	0.0022953
0.035203	-0.95942	2.2317	0.053873	-1.6471	0.002142
0.031955	-0.95942	2.2318	0.050617	-1.6472	0.001986
0.028678	-0.95943	2.2319	0.047332	-1.6473	0.0018274
0.025373	-0.95943	2.232	0.044019	-1.6474	0.0016664
0.022043	-0.95944	2.2321	0.04068	-1.6474	0.0015032
0.018688	-0.95944	2.2321	0.037317	-1.6475	0.0013378
0.015313	-0.95944	2.2322	0.033933	-1.6476	0.0011707
0.011918	-0.95945	2.2322	0.030529	-1.6476	0.0010018
0.0085048	-0.95945	2.2322	0.027108	-1.6477	0.00083147
0.0050768	-0.95945	2.2323	0.023671	-1.6477	0.00065987
0.0016354	-0.95945	2.2323	0.02022	-1.6477	0.00048723
-0.0018172	-0.95945	2.2323	0.016759	-1.6477	0.00031375
-0.0052788	-0.95945	2.2323	0.013288	-1.6477	0.00013967
-0.0087475	-0.95945	2.2322	0.0098105	-1.6477	-3.4814e-05
-0.012221	-0.95945	2.2322	0.0063279	-1.6476	-0.00020946
-0.015697	-0.95944	2.2322	0.0028426	-1.6476	-0.00038404
-0.019174	-0.95944	2.2321	-0.00064337	-1.6475	-0.00055834
-0.02265	-0.95944	2.232	-0.0041278	-1.6475	-0.00073212
-0.026122	-0.95943	2.232	-0.0076086	-1.6474	-0.00090517
-0.029588	-0.95943	2.2319	-0.011084	-1.6473	-0.0010773
-0.033046	-0.95942	2.2318	-0.014551	-1.6472	-0.0012482
-0.036494	-0.95942	2.2317	-0.018008	-1.6471	-0.0014177
-0.039931	-0.95941	2.2316	-0.021453	-1.647	-0.0015856
-0.043353	-0.9594	2.2314	-0.024884	-1.6468	-0.0017517
-0.046759	-0.9594	2.2313	-0.028298	-1.6467	-0.0019159
-0.050147	-0.95939	2.2312	-0.031694	-1.6465	-0.0020778
-0.053515	-0.95938	2.231	-0.03507	-1.6464	-0.0022373
-0.05686	-0.95937	2.2309	-0.038423	-1.6462	-0.0023943
-0.060181	-0.95936	2.2307	-0.041752	-1.646	-0.0025485
-0.063476	-0.95935	2.2305	-0.045054	-1.6458	-0.0026999
-0.066742	-0.95934	2.2303	-0.048327	-1.6456	-0.0028483
-0.069978	-0.95933	2.2301	-0.051571	-1.6454	-0.0029934
-0.073182	-0.95932	2.2299	-0.054782	-1.6452	-0.0031353
-0.076353	-0.95931	2.2297	-0.057959	-1.6449	-0.0032737
-0.079487	-0.9593	2.2295	-0.061099	-1.6447	-0.0034086
-0.082583	-0.95929	2.2293	-0.064202	-1.6445	-0.0035399
-0.08564	-0.95928	2.2291	-0.067265	-1.6442	-0.0036675
-0.088656	-0.95926	2.2288	-0.070286	-1.644	-0.0037912
-0.091628	-0.95925	2.2286	-0.073264	-1.6437	-0.0039112
-0.094556	-0.95924	2.2283	-0.076197	-1.6434	-0.0040272
-0.097437	-0.95923	2.2281	-0.079083	-1.6432	-0.0041393
-0.10027	-0.95921	2.2279	-0.081921	-1.6429	-0.0042474
-0.10305	-0.9592	2.2276	-0.084709	-1.6426	-0.0043516
-0.10578	-0.95919	2.2274	-0.087445	-1.6424	-0.0044517
-0.10846	-0.95918	2.2271	-0.090128	-1.6421	-0.0045479
-0.11109	-0.95916	2.2268	-0.092756	-1.6418	-0.0046401
-0.11366	-0.95915	2.2266	-0.095329	-1.6415	-0.0047283
-0.11617	-0.95914	2.2263	-0.097843	-1.6413	-0.0048126
-0.11862	-0.95912	2.2261	-0.1003	-1.641	-0.0048931
-0.12101	-0.95911	2.2258	-0.10269	-1.6407	-0.0049697
-0.12334	-0.9591	2.2256	-0.10503	-1.6404	-0.0050426
-0.12561	-0.95909	2.2253	-0.1073	-1.6402	-0.0051118
-0.12781	-0.95908	2.2251	-0.1095	-1.6399	-0.0051773
-0.12995	-0.95907	2.2248	-0.11165	-1.6396	-0.0052393
-0.13203	-0.95905	2.2246	-0.11372	-1.6394	-0.0052979
-0.13403	-0.95904	2.2243	-0.11573	-1.6391	-0.005353
-0.13597	-0.95903	2.2241	-0.11767	-1.6389	-0.0054049
-0.13783	-0.95902	2.2239	-0.11953	-1.6386	-0.0054537
-0.13963	-0.95901	2.2237	-0.12133	-1.6384	-0.0054993
-0.14136	-0.959	2.2235	-0.12306	-1.6381	-0.005542
-0.14301	-0.95899	2.2232	-0.12471	-1.6379	-0.0055819
-0.14459	-0.95898	2.223	-0.12629	-1.6377	-0.0056189
-0.14609	-0.95897	2.2228	-0.1278	-1.6375	-0.0056533
-0.14752	-0.95897	2.2227	-0.12923	-1.6373	-0.0056852
-0.14887	-0.95896	2.2225	-0.13058	-1.6371	-0.0057146
-0.15015	-0.95895	2.2223	-0.13186	-1.6369	-0.0057417
-0.15135	-0.95894	2.2221	-0.13306	-1.6367	-0.0057665
-0.15248	-0.95894	2.222	-0.13419	-1.6366	-0.0057892
-0.15352	-0.95893	2.2218	-0.13523	-1.6364	-0.0058098
-0.15449	-0.95892	2.2217	-0.1362	-1.6363	-0.0058285
-0.15537	-0.95892	2.2216	-0.13709	-1.6361	-0.0058453
-0.15618	-0.95891	2.2215	-0.13789	-1.636	-0.0058603
-0.15691	-0.95891	2.2214	-0.13862	-1.6359	-0.0058735
-0.15755	-0.95891	2.2213	-0.13927	-1.6358	-0.0058851
-0.15812	-0.9589	2.2212	-0.13983	-1.6357	-0.0058951
-0.1586	-0.9589	2.2211	-0.14031	-1.6357	-0.0059036
-0.159	-0.9589	2.2211	-0.14072	-1.6356	-0.0059106
-0.15932	-0.9589	2.221	-0.14104	-1.6355	-0.0059161
-0.15956	-0.95889	2.221	-0.14128	-1.6355	-0.0059201
-0.15972	-0.95889	2.221	-0.14143	-1.6355	-0.0059228
-0.1598	-0.95889	2.221	-0.14151	-1.6355	-0.005924
-0.15979	-0.95889	2.221	-0.1415	-1.6355	-0.0059239
-0.1597	-0.95889	2.221	-0.14141	-1.6355	-0.0059224
-0.15953	-0.95889	2.221	-0.14124	-1.6355	-0.0059195
-0.15928	-0.9589	2.221	-0.14099	-1.6356	-0.0059152
-0.15894	-0.9589	2.2211	-0.14066	-1.6356	-0.0059095
-0.15853	-0.9589	2.2211	-0.14024	-1.6357	-0.0059023
-0.15803	-0.9589	2.2212	-0.13974	-1.6357	-0.0058936
-0.15745	-0.95891	2.2213	-0.13916	-1.6358	-0.0058833
-0.15679	-0.95891	2.2214	-0.1385	-1.6359	-0.0058715
-0.15605	-0.95891	2.2215	-0.13776	-1.636	-0.0058579
-0.15523	-0.95892	2.2216	-0.13694	-1.6362	-0.0058426
-0.15433	-0.95893	2.2217	-0.13604	-1.6363	-0.0058255
-0.15335	-0.95893	2.2219	-0.13506	-1.6364	-0.0058065
-0.15229	-0.95894	2.222	-0.13401	-1.6366	-0.0057856
-0.15116	-0.95894	2.2222	-0.13287	-1.6368	-0.0057625
-0.14994	-0.95895	2.2223	-0.13165	-1.6369	-0.0057373
-0.14865	-0.95896	2.2225	-0.13036	-1.6371	-0.0057099
-0.14729	-0.95897	2.2227	-0.129	-1.6373	-0.00568
-0.14585	-0.95898	2.2229	-0.12755	-1.6375	-0.0056478
-0.14433	-0.95898	2.2231	-0.12603	-1.6377	-0.0056129
-0.14274	-0.95899	2.2233	-0.12444	-1.6379	-0.0055754
-0.14107	-0.959	2.2235	-0.12278	-1.6382	-0.0055351
-0.13934	-0.95901	2.2237	-0.12104	-1.6384	-0.0054919
-0.13753	-0.95902	2.2239	-0.11923	-1.6387	-0.0054458
-0.13565	-0.95903	2.2242	-0.11735	-1.6389	-0.0053965
-0.1337	-0.95904	2.2244	-0.1154	-1.6391	-0.0053441
-0.13169	-0.95906	2.2246	-0.11338	-1.6394	-0.0052883
-0.1296	-0.95907	2.2249	-0.11129	-1.6397	-0.0052292
-0.12745	-0.95908	2.2251	-0.10914	-1.6399	-0.0051666
-0.12524	-0.95909	2.2254	-0.10692	-1.6402	-0.0051005
-0.12296	-0.9591	2.2256	-0.10464	-1.6405	-0.0050307
-0.12062	-0.95911	2.2259	-0.1023	-1.6407	-0.0049572
-0.11822	-0.95913	2.2261	-0.099894	-1.641	-0.0048799
-0.11575	-0.95914	2.2264	-0.097428	-1.6413	-0.0047988
-0.11323	-0.95915	2.2266	-0.094904	-1.6416	-0.0047139
-0.11065	-0.95916	2.2269	-0.092322	-1.6419	-0.004625
-0.10802	-0.95918	2.2271	-0.089685	-1.6421	-0.0045321
-0.10533	-0.95919	2.2274	-0.086993	-1.6424	-0.0044353
-0.10259	-0.9592	2.2276	-0.084248	-1.6427	-0.0043345
-0.099801	-0.95922	2.2279	-0.081452	-1.643	-0.0042297
-0.09696	-0.95923	2.2281	-0.078606	-1.6432	-0.0041209
-0.094071	-0.95924	2.2284	-0.075711	-1.6435	-0.0040081
-0.091136	-0.95925	2.2286	-0.072771	-1.6438	-0.0038915
-0.088156	-0.95927	2.2289	-0.069786	-1.644	-0.0037709
-0.085133	-0.95928	2.2291	-0.066757	-1.6443	-0.0036465
-0.08207	-0.95929	2.2293	-0.063688	-1.6445	-0.0035183
-0.078967	-0.9593	2.2295	-0.060578	-1.6447	-0.0033864
-0.075827	-0.95931	2.2297	-0.057432	-1.645	-0.0032509
-0.072651	-0.95932	2.23	-0.054249	-1.6452	-0.0031119
-0.069441	-0.95933	2.2302	-0.051032	-1.6454	-0.0029694
-0.0662	-0.95934	2.2304	-0.047784	-1.6456	-0.0028237
-0.062928	-0.95935	2.2305	-0.044505	-1.6458	-0.0026749
-0.059629	-0.95936	2.2307	-0.041199	-1.646	-0.002523
-0.056304	-0.95937	2.2309	-0.037866	-1.6462	-0.0023683
-0.052955	-0.95938	2.231	-0.034509	-1.6464	-0.0022109
-0.049584	-0.95939	2.2312	-0.031129	-1.6466	-0.002051
-0.046193	-0.9594	2.2313	-0.02773	-1.6467	-0.0018887
-0.042784	-0.95941	2.2315	-0.024313	-1.6469	-0.0017242
-0.039359	-0.95941	2.2316	-0.02088	-1.647	-0.0015578
-0.03592	-0.95942	2.2317	-0.017432	-1.6471	-0.0013896
-0.03247	-0.95942	2.2318	-0.013974	-1.6472	-0.0012198
-0.02901	-0.95943	2.2319	-0.010505	-1.6473	-0.0010487
-0.025543	-0.95943	2.232	-0.0070288	-1.6474	-0.00087639
-0.022071	-0.95944	2.2321	-0.0035473	-1.6475	-0.0007032
-0.018595	-0.95944	2.2321	-6.242e-05	-1.6476	-0.00052932
-0.015118	-0.95944	2.2322	0.0034236	-1.6476	-0.00035496
-0.011642	-0.95945	2.2322	0.0069086	-1.6476	-0.00018035
-0.008169	-0.95945	2.2322	0.010391	-1.6477	-5.7164e-06
-0.0047013	-0.95945	2.2323	0.013867	-1.6477	0.00016871
-0.001241	-0.95945	2.2323	0.017337	-1.6477	0.00034272
0.0022098	-0.95945	2.2323	0.020796	-1.6477	0.00051607
0.0056491	-0.95945	2.2323	0.024245	-1.6477	0.00068855
0.0090747	-0.95945	2.2322	0.027679	-1.6477	0.00085995
0.012485	-0.95945	2.2322	0.031098	-1.6476	0.00103
0.015877	-0.95944	2.2322	0.034499	-1.6476	0.0011986
0.019249	-0.95944	2.2321	0.037879	-1.6475	0.0013655
0.022599	-0.95944	2.232	0.041238	-1.6474	0.0015305
0.025926	-0.95943	2.232	0.044573	-1.6474	0.0016934
0.029226	-0.95943	2.2319	0.047882	-1.6473	0.001854
0.032499	-0.95942	2.2318	0.051162	-1.6472	0.0020122
0.035741	-0.95942	2.2317	0.054413	-1.6471	0.0021678
0.038952	-0.95941	2.2316	0.057631	-1.6469	0.0023206
0.042129	-0.95941	2.2315	0.060816	-1.6468	0.0024705
0.04527	-0.9594	2.2314	0.063964	-1.6467	0.0026173
0.048374	-0.95939	2.2312	0.067075	-1.6465	0.002761
0.051439	-0.95939	2.2311	0.070147	-1.6464	0.0029013
0.054462	-0.95938	2.231	0.073177	-1.6462	0.0030383
0.057442	-0.95937	2.2308	0.076163	-1.646	0.0031718
0.060378	-0.95936	2.2307	0.079105	-1.6459	0.0033017
0.063267	-0.95935	2.2305	0.082	-1.6457	0.003428
0.066107	-0.95934	2.2304	0.084847	-1.6455	0.0035506
0.068899	-0.95934	2.2302	0.087644	-1.6453	0.0036694
0.071638	-0.95933	2.23	0.090389	-1.6451	0.0037843
0.074325	-0.95932	2.2298	0.093081	-1.645	0.0038955
0.076957	-0.95931	2.2297	0.095718	-1.6448	0.0040028
0.079533	-0.9593	2.2295	0.098298	-1.6446	0.0041062
0.082051	-0.95929	2.2293	0.10082	-1.6444	0.0042058
0.084511	-0.95928	2.2291	0.10329	-1.6442	0.0043014
0.08691	-0.95927	2.229	0.10569	-1.644	0.0043933
0.089247	-0.95926	2.2288	0.10803	-1.6438	0.0044813
0.091522	-0.95925	2.2286	0.11031	-1.6436	0.0045655
0.093732	-0.95924	2.2284	0.11252	-1.6434	0.0046459
0.095876	-0.95923	2.2282	0.11467	-1.6432	0.0047227
0.097954	-0.95922	2.2281	0.11675	-1.643	0.0047958
0.099963	-0.95921	2.2279	0.11876	-1.6428	0.0048652
0.1019	-0.95921	2.2277	0.12071	-1.6426	0.0049312
0.10377	-0.9592	2.2275	0.12258	-1.6424	0.0049936
0.10557	-0.95919	2.2274	0.12438	-1.6422	0.0050527
0.1073	-0.95918	2.2272	0.12611	-1.642	0.0051084
0.10896	-0.95917	2.2271	0.12777	-1.6419	0.0051609
0.11054	-0.95917	2.2269	0.12935	-1.6417	0.0052102
0.11204	-0.95916	2.2267	0.13086	-1.6415	0.0052563
0.11347	-0.95915	2.2266	0.13229	-1.6414	0.0052995
0.11483	-0.95914	2.2265	0.13364	-1.6412	0.0053397
0.1161	-0.95914	2.2263	0.13492	-1.6411	0.005377
0.1173	-0.95913	2.2262	0.13612	-1.6409	0.0054116
0.11842	-0.95913	2.2261	0.13724	-1.6408	0.0054434
0.11946	-0.95912	2.226	0.13828	-1.6407	0.0054726
0.12042	-0.95912	2.2259	0.13925	-1.6406	0.0054992
0.1213	-0.95911	2.2258	0.14013	-1.6405	0.0055233
0.12211	-0.95911	2.2257	0.14093	-1.6404	0.005545
0.12283	-0.9591	2.2256	0.14165	-1.6403	0.0055643
0.12346	-0.9591	2.2256	0.14229	-1.6402	0.0055812
0.12402	-0.9591	2.2255	0.14285	-1.6402	0.0055958
0.1245	-0.95909	2.2254	0.14332	-1.6401	0.0056082
0.12489	-0.95909	2.2254	0.14372	-1.64	0.0056184
0.1252	-0.95909	2.2254	0.14403	-1.64	0.0056264
0.12543	-0.95909	2.2253	0.14425	-1.64	0.0056323
0.12557	-0.95909	2.2253	0.1444	-1.64	0.005636
0.12563	-0.95909	2.2253	0.14446	-1.64	0.0056376
0.12561	-0.95909	2.2253	0.14444	-1.64	0.0056371
0.12551	-0.95909	2.2253	0.14434	-1.64	0.0056344
0.12532	-0.95909	2.2254	0.14415	-1.64	0.0056296
0.12505	-0.95909	2.2254	0.14388	-1.64	0.0056227
0.1247	-0.95909	2.2254	0.14353	-1.6401	0.0056136
0.12427	-0.9591	2.2255	0.1431	-1.6401	0.0056023
0.12375	-0.9591	2.2255	0.14258	-1.6402	0.0055888
0.12316	-0.9591	2.2256	0.14198	-1.6403	0.005573
0.12248	-0.9591	2.2257	0.1413	-1.6403	0.0055549
0.12172	-0.95911	2.2257	0.14054	-1.6404	0.0055345
0.12087	-0.95911	2.2258	0.1397	-1.6405	0.0055116
0.11995	-0.95912	2.2259	0.13878	-1.6406	0.0054862
0.11895	-0.95912	2.226	0.13777	-1.6407	0.0054583
0.11787	-0.95913	2.2262	0.13669	-1.6409	0.0054278
0.11671	-0.95913	2.2263	0.13553	-1.641	0.0053947
0.11547	-0.95914	2.2264	0.13429	-1.6411	0.0053587
0.11416	-0.95915	2.2265	0.13297	-1.6413	0.00532
0.11277	-0.95915	2.2267	0.13158	-1.6414	0.0052783
0.1113	-0.95916	2.2268	0.13011	-1.6416	0.0052336
0.10976	-0.95917	2.227	0.12857	-1.6418	0.0051859
0.10814	-0.95918	2.2271	0.12695	-1.6419	0.005135
0.10645	-0.95918	2.2273	0.12525	-1.6421	0.005081
0.10468	-0.95919	2.2275	0.12349	-1.6423	0.0050236
0.10285	-0.9592	2.2276	0.12165	-1.6425	0.0049628
0.10094	-0.95921	2.2278	0.11974	-1.6427	0.0048987
0.098967	-0.95922	2.228	0.11776	-1.6429	0.004831
0.096923	-0.95923	2.2281	0.11572	-1.6431	0.0047597
0.094812	-0.95924	2.2283	0.1136	-1.6433	0.0046848
0.092635	-0.95925	2.2285	0.11142	-1.6435	0.0046062
0.090392	-0.95926	2.2287	0.10918	-1.6437	0.0045239
0.088086	-0.95927	2.2289	0.10687	-1.6439	0.0044378
0.085718	-0.95927	2.229	0.10449	-1.6441	0.0043478
0.083289	-0.95928	2.2292	0.10206	-1.6443	0.0042541
0.080799	-0.95929	2.2294	0.099567	-1.6445	0.0041565
0.078252	-0.9593	2.2296	0.097015	-1.6447	0.004055
0.075648	-0.95931	2.2298	0.094406	-1.6449	0.0039496
0.072988	-0.95932	2.2299	0.091741	-1.6451	0.0038404
0.070275	-0.95933	2.2301	0.089023	-1.6452	0.0037273
0.067509	-0.95934	2.2303	0.086252	-1.6454	0.0036104
0.064693	-0.95935	2.2304	0.08343	-1.6456	0.0034897
0.061828	-0.95936	2.2306	0.080559	-1.6458	0.0033653
0.058916	-0.95937	2.2307	0.07764	-1.646	0.0032372
0.055957	-0.95937	2.2309	0.074675	-1.6461	0.0031055
0.052955	-0.95938	2.231	0.071667	-1.6463	0.0029703
0.049911	-0.95939	2.2312	0.068616	-1.6464	0.0028316
0.046827	-0.9594	2.2313	0.065525	-1.6466	0.0026895
0.043704	-0.9594	2.2314	0.062395	-1.6467	0.0025443
0.040545	-0.95941	2.2316	0.059228	-1.6469	0.0023959
0.037351	-0.95942	2.2317	0.056026	-1.647	0.0022445
0.034124	-0.95942	2.2318	0.052791	-1.6471	0.0020903
0.030866	-0.95943	2.2319	0.049526	-1.6472	0.0019334
0.027579	-0.95943	2.2319	0.046231	-1.6473	0.001774
0.024266	-0.95944	2.232	0.042909	-1.6474	0.0016122
0.020927	-0.95944	2.2321	0.039562	-1.6475	0.0014483
0.017565	-0.95944	2.2321	0.036192	-1.6475	0.0012823
0.014183	-0.95944	2.2322	0.032801	-1.6476	0.0011145
0.010782	-0.95945	2.2322	0.029391	-1.6476	0.00094517
0.0073638	-0.95945	2.2322	0.025964	-1.6477	0.0007744
0.003931	-0.95945	2.2323	0.022522	-1.6477	0.00060243
0.00048569	-0.95945	2.2323	0.019068	-1.6477	0.00042949
-0.0029701	-0.95945	2.2323	0.015603	-1.6477	0.00025578
-0.0064344	-0.95945	2.2323	0.01213	-1.6477	8.1538e-05
-0.0099049	-0.95945	2.2322	0.0086501	-1.6477	-9.3021e-05
-0.01338	-0.95945	2.2322	0.0051664	-1.6476	-0.00026767
-0.016856	-0.95944	2.2321	0.0016806	-1.6476	-0.00044218
-0.020333	-0.95944	2.2321	-0.0018051	-1.6475	-0.00061633
-0.023807	-0.95944	2.232	-0.0052886	-1.6475	-0.0007899
-0.027278	-0.95943	2.2319	-0.0087677	-1.6474	-0.00096265
-0.030741	-0.95943	2.2319	-0.01224	-1.6473	-0.0011344
-0.034197	-0.95942	2.2318	-0.015704	-1.6472	-0.0013049
-0.037641	-0.95942	2.2316	-0.019158	-1.6471	-0.0014739
-0.041073	-0.95941	2.2315	-0.022598	-1.6469	-0.0016412
-0.04449	-0.9594	2.2314	-0.026024	-1.6468	-0.0018067
-0.047891	-0.95939	2.2313	-0.029432	-1.6466	-0.0019701
-0.051272	-0.95939	2.2311	-0.032822	-1.6465	-0.0021312
-0.054632	-0.95938	2.231	-0.03619	-1.6463	-0.0022899
-0.05797	-0.95937	2.2308	-0.039535	-1.6461	-0.002446
-0.061282	-0.95936	2.2306	-0.042855	-1.6459	-0.0025993
-0.064568	-0.95935	2.2304	-0.046148	-1.6457	-0.0027497
-0.067824	-0.95934	2.2303	-0.049412	-1.6455	-0.002897
-0.07105	-0.95933	2.2301	-0.052645	-1.6453	-0.0030411
-0.074243	-0.95932	2.2299	-0.055845	-1.6451	-0.0031818
-0.077401	-0.95931	2.2296	-0.05901	-1.6449	-0.0033191
-0.080523	-0.95929	2.2294	-0.062138	-1.6446	-0.0034528
-0.083607	-0.95928	2.2292	-0.065227	-1.6444	-0.0035828
-0.08665	-0.95927	2.229	-0.068277	-1.6441	-0.0037091
-0.089651	-0.95926	2.2287	-0.071284	-1.6439	-0.0038316
-0.092609	-0.95925	2.2285	-0.074247	-1.6436	-0.0039503
-0.095521	-0.95923	2.2283	-0.077164	-1.6434	-0.004065
-0.098386	-0.95922	2.228	-0.080035	-1.6431	-0.0041758
-0.1012	-0.95921	2.2278	-0.082856	-1.6428	-0.0042826
-0.10397	-0.9592	2.2275	-0.085627	-1.6425	-0.0043854
-0.10668	-0.95918	2.2273	-0.088345	-1.6423	-0.0044842
-0.10934	-0.95917	2.227	-0.09101	-1.642	-0.004579
-0.11195	-0.95916	2.2268	-0.09362	-1.6417	-0.0046699
-0.1145	-0.95915	2.2265	-0.096173	-1.6414	-0.0047568
-0.11699	-0.95913	2.2262	-0.098668	-1.6412	-0.0048399
-0.11942	-0.95912	2.226	-0.1011	-1.6409	-0.004919
-0.1218	-0.95911	2.2257	-0.10348	-1.6406	-0.0049944
-0.12411	-0.9591	2.2255	-0.10579	-1.6403	-0.005066
-0.12635	-0.95908	2.2252	-0.10804	-1.6401	-0.005134
-0.12853	-0.95907	2.225	-0.11023	-1.6398	-0.0051984
-0.13065	-0.95906	2.2247	-0.11235	-1.6395	-0.0052592
-0.1327	-0.95905	2.2245	-0.1144	-1.6393	-0.0053166
-0.13468	-0.95904	2.2243	-0.11638	-1.639	-0.0053707
-0.1366	-0.95903	2.224	-0.1183	-1.6388	-0.0054215
-0.13844	-0.95902	2.2238	-0.12014	-1.6385	-0.0054692
-0.14021	-0.95901	2.2236	-0.12192	-1.6383	-0.0055139
-0.14191	-0.959	2.2234	-0.12362	-1.6381	-0.0055556
-0.14354	-0.95899	2.2232	-0.12525	-1.6378	-0.0055945
-0.1451	-0.95898	2.223	-0.1268	-1.6376	-0.0056307
-0.14658	-0.95897	2.2228	-0.12828	-1.6374	-0.0056642
-0.14798	-0.95896	2.2226	-0.12969	-1.6372	-0.0056953
-0.14931	-0.95896	2.2224	-0.13102	-1.637	-0.0057239
-0.15056	-0.95895	2.2223	-0.13227	-1.6368	-0.0057502
-0.15174	-0.95894	2.2221	-0.13345	-1.6367	-0.0057743
-0.15283	-0.95893	2.2219	-0.13454	-1.6365	-0.0057963
-0.15385	-0.95893	2.2218	-0.13556	-1.6364	-0.0058163
-0.15479	-0.95892	2.2217	-0.1365	-1.6362	-0.0058343
-0.15565	-0.95892	2.2216	-0.13736	-1.6361	-0.0058505
-0.15643	-0.95891	2.2214	-0.13814	-1.636	-0.0058649
-0.15713	-0.95891	2.2213	-0.13884	-1.6359	-0.0058776
-0.15775	-0.9589	2.2213	-0.13946	-1.6358	-0.0058887
-0.15829	-0.9589	2.2212	-0.14	-1.6357	-0.0058981
-0.15874	-0.9589	2.2211	-0.14046	-1.6356	-0.0059061
-0.15912	-0.9589	2.2211	-0.14083	-1.6356	-0.0059125
-0.15941	-0.95889	2.221	-0.14113	-1.6355	-0.0059176
-0.15962	-0.95889	2.221	-0.14134	-1.6355	-0.0059212
-0.15975	-0.95889	2.221	-0.14147	-1.6355	-0.0059234
-0.1598	-0.95889	2.221	-0.14152	-1.6355	-0.0059242
-0.15977	-0.95889	2.221	-0.14148	-1.6355	-0.0059236
-0.15965	-0.95889	2.221	-0.14137	-1.6355	-0.0059216
-0.15945	-0.95889	2.221	-0.14117	-1.6355	-0.0059183
-0.15917	-0.9589	2.2211	-0.14089	-1.6356	-0.0059135
-0.15881	-0.9589	2.2211	-0.14053	-1.6356	-0.0059073
-0.15837	-0.9589	2.2212	-0.14008	-1.6357	-0.0058996
-0.15784	-0.9589	2.2212	-0.13956	-1.6358	-0.0058903
-0.15724	-0.95891	2.2213	-0.13895	-1.6359	-0.0058795
-0.15655	-0.95891	2.2214	-0.13827	-1.636	-0.0058671
-0.15579	-0.95892	2.2215	-0.1375	-1.6361	-0.005853
-0.15494	-0.95892	2.2217	-0.13665	-1.6362	-0.0058371
-0.15401	-0.95893	2.2218	-0.13573	-1.6363	-0.0058194
-0.15301	-0.95893	2.2219	-0.13472	-1.6365	-0.0057998
-0.15192	-0.95894	2.2221	-0.13363	-1.6367	-0.0057781
-0.15076	-0.95895	2.2222	-0.13247	-1.6368	-0.0057544
-0.14952	-0.95895	2.2224	-0.13123	-1.637	-0.0057284
-0.14821	-0.95896	2.2226	-0.12992	-1.6372	-0.0057002
-0.14682	-0.95897	2.2227	-0.12852	-1.6374	-0.0056696
-0.14535	-0.95898	2.2229	-0.12705	-1.6376	-0.0056364
-0.14381	-0.95899	2.2231	-0.12551	-1.6378	-0.0056007
-0.14219	-0.959	2.2233	-0.12389	-1.638	-0.0055623
-0.1405	-0.95901	2.2236	-0.1222	-1.6383	-0.005521
-0.13874	-0.95902	2.2238	-0.12044	-1.6385	-0.0054769
-0.13691	-0.95903	2.224	-0.11861	-1.6387	-0.0054297
-0.13501	-0.95904	2.2242	-0.11671	-1.639	-0.0053794
-0.13304	-0.95905	2.2245	-0.11473	-1.6392	-0.0053259
-0.131	-0.95906	2.2247	-0.11269	-1.6395	-0.005269
-0.12889	-0.95907	2.2249	-0.11058	-1.6398	-0.0052087
-0.12672	-0.95908	2.2252	-0.10841	-1.64	-0.005145
-0.12448	-0.95909	2.2254	-0.10617	-1.6403	-0.0050776
-0.12218	-0.95911	2.2257	-0.10387	-1.6406	-0.0050066
-0.11982	-0.95912	2.226	-0.1015	-1.6408	-0.0049319
-0.1174	-0.95913	2.2262	-0.099078	-1.6411	-0.0048533
-0.11492	-0.95914	2.2265	-0.096593	-1.6414	-0.004771
-0.11238	-0.95916	2.2267	-0.09405	-1.6417	-0.0046847
-0.10978	-0.95917	2.227	-0.091449	-1.6419	-0.0045945
-0.10713	-0.95918	2.2272	-0.088793	-1.6422	-0.0045003
-0.10443	-0.95919	2.2275	-0.086083	-1.6425	-0.0044021
-0.10167	-0.95921	2.2277	-0.083321	-1.6428	-0.0043
-0.098859	-0.95922	2.228	-0.080508	-1.643	-0.0041939
-0.096002	-0.95923	2.2282	-0.077646	-1.6433	-0.0040837
-0.093097	-0.95924	2.2285	-0.074736	-1.6436	-0.0039697
-0.090147	-0.95926	2.2287	-0.071781	-1.6438	-0.0038517
-0.087153	-0.95927	2.2289	-0.068781	-1.6441	-0.0037298
-0.084117	-0.95928	2.2292	-0.065738	-1.6443	-0.0036041
-0.08104	-0.95929	2.2294	-0.062655	-1.6446	-0.0034747
-0.077924	-0.9593	2.2296	-0.059534	-1.6448	-0.0033416
-0.074772	-0.95932	2.2298	-0.056375	-1.6451	-0.0032049
-0.071585	-0.95933	2.23	-0.053181	-1.6453	-0.0030648
-0.068364	-0.95934	2.2302	-0.049953	-1.6455	-0.0029212
-0.065113	-0.95935	2.2304	-0.046694	-1.6457	-0.0027745
-0.061832	-0.95936	2.2306	-0.043406	-1.6459	-0.0026246
-0.058524	-0.95937	2.2308	-0.04009	-1.6461	-0.0024718
-0.05519	-0.95938	2.2309	-0.036749	-1.6463	-0.0023161
-0.051834	-0.95938	2.2311	-0.033385	-1.6464	-0.0021579
-0.048456	-0.95939	2.2312	-0.029998	-1.6466	-0.0019971
-0.045058	-0.9594	2.2314	-0.026593	-1.6468	-0.0018341
-0.041644	-0.95941	2.2315	-0.02317	-1.6469	-0.0016689
-0.038214	-0.95941	2.2316	-0.019732	-1.647	-0.0015019
-0.034772	-0.95942	2.2317	-0.016281	-1.6471	-0.0013331
-0.031318	-0.95943	2.2318	-0.012818	-1.6473	-0.0011629
-0.027855	-0.95943	2.2319	-0.009347	-1.6474	-0.00099135
-0.024386	-0.95944	2.232	-0.0058688	-1.6474	-0.00081875
-0.020912	-0.95944	2.2321	-0.0023859	-1.6475	-0.00064531
-0.017436	-0.95944	2.2321	0.0010996	-1.6476	-0.00047124
