0	-0.43633	1.9199	0	0.74176	0	0.06
0	-0.43633	1.9199	0	0.74176	0	0.06
0	-0.43633	1.9199	0	0.74176	0	0.06
0.00066006	-0.43633	1.9199	-4.2617e-05	0.74177	0.00069085	0.06
0.0014081	-0.43633	1.9199	-9.0915e-05	0.74177	0.0014738	0.06
0.0024202	-0.43633	1.9199	-0.00015626	0.74177	0.0025331	0.06
0.0037183	-0.43634	1.9199	-0.00024007	0.74177	0.0038917	0.06
0.0052803	-0.43634	1.9198	-0.00034092	0.74177	0.0055266	0.06
0.0071283	-0.43635	1.9198	-0.00046023	0.74178	0.0074608	0.06
0.0092097	-0.43637	1.9198	-0.0005946	0.74179	0.0096393	0.06
0.011136	-0.43638	1.9198	-0.00071892	0.7418	0.011655	0.06
0.012797	-0.4364	1.9198	-0.00082619	0.74181	0.013394	0.06
0.014173	-0.43641	1.9197	-0.000915	0.74182	0.014834	0.06
0.015285	-0.43642	1.9197	-0.00098677	0.74183	0.015998	0.06
0.016111	-0.43643	1.9197	-0.0010401	0.74184	0.016862	0.06
0.016673	-0.43644	1.9197	-0.0010763	0.74185	0.01745	0.06
0.016949	-0.43644	1.9197	-0.0010941	0.74185	0.017739	0.06
0.016961	-0.43644	1.9197	-0.0010949	0.74185	0.017752	0.06
0.016687	-0.43644	1.9197	-0.0010772	0.74185	0.017465	0.06
0.016149	-0.43643	1.9197	-0.0010425	0.74184	0.016902	0.06
0.015325	-0.43642	1.9197	-0.00098936	0.74183	0.01604	0.06
0.014237	-0.43641	1.9197	-0.00091915	0.74182	0.014901	0.06
0.012864	-0.4364	1.9198	-0.00083047	0.74181	0.013464	0.06
0.011226	-0.43638	1.9198	-0.00072474	0.7418	0.011749	0.06
0.0093018	-0.43637	1.9198	-0.00060054	0.74179	0.0097357	0.06
0.0071138	-0.43635	1.9198	-0.00045929	0.74178	0.0074456	0.06
0.0046397	-0.43634	1.9198	-0.00029956	0.74177	0.0048561	0.06
0.0019015	-0.43633	1.9199	-0.00012277	0.74177	0.0019902	0.06
-0.0011227	-0.43633	1.9199	7.2489e-05	0.74177	-0.0011751	0.06
-0.004411	-0.43634	1.9198	0.00028479	0.74177	-0.0046167	0.06
-0.0079851	-0.43636	1.9198	0.00051554	0.74178	-0.0083576	0.06
-0.011823	-0.43639	1.9198	0.0007633	0.74181	-0.012374	0.06
-0.015946	-0.43643	1.9197	0.0010295	0.74184	-0.01669	0.06
-0.020333	-0.43649	1.9196	0.0013126	0.74189	-0.021282	0.06
-0.025005	-0.43658	1.9195	0.001614	0.74195	-0.026171	0.06
-0.029698	-0.43668	1.9193	0.0019167	0.74202	-0.031083	0.06
-0.034111	-0.43679	1.9191	0.0022011	0.7421	-0.0357	0.06
-0.038258	-0.4369	1.9189	0.0024684	0.74219	-0.04004	0.06
-0.042118	-0.43703	1.9187	0.002717	0.74228	-0.04408	0.06
-0.045714	-0.43715	1.9185	0.0029485	0.74237	-0.047843	0.06
-0.049023	-0.43727	1.9183	0.0031615	0.74247	-0.051305	0.06
-0.052067	-0.43739	1.9181	0.0033573	0.74255	-0.054491	0.06
-0.054826	-0.43751	1.9179	0.0035347	0.74264	-0.057378	0.06
-0.05732	-0.43762	1.9177	0.003695	0.74272	-0.059988	0.06
-0.059529	-0.43772	1.9175	0.0038369	0.7428	-0.062299	0.06
-0.061475	-0.43781	1.9174	0.0039618	0.74287	-0.064334	0.06
-0.063134	-0.43789	1.9172	0.0040684	0.74293	-0.066071	0.06
-0.064531	-0.43796	1.9171	0.004158	0.74298	-0.067532	0.06
-0.065643	-0.43802	1.917	0.0042294	0.74302	-0.068695	0.06
-0.066491	-0.43806	1.9169	0.0042838	0.74305	-0.069583	0.06
-0.067055	-0.43809	1.9169	0.00432	0.74308	-0.070172	0.06
-0.067356	-0.43811	1.9169	0.0043393	0.74309	-0.070487	0.06
-0.067372	-0.43811	1.9169	0.0043403	0.74309	-0.070504	0.06
-0.067125	-0.4381	1.9169	0.0043245	0.74308	-0.070246	0.06
-0.066593	-0.43807	1.9169	0.0042904	0.74306	-0.06969	0.06
-0.065799	-0.43803	1.917	0.0042394	0.74303	-0.068858	0.06
-0.064719	-0.43797	1.9171	0.0041701	0.74299	-0.067729	0.06
-0.063377	-0.4379	1.9172	0.004084	0.74294	-0.066324	0.06
-0.061749	-0.43783	1.9173	0.0039795	0.74288	-0.064622	0.06
-0.059858	-0.43773	1.9175	0.003858	0.74281	-0.062643	0.06
-0.057681	-0.43763	1.9177	0.0037182	0.74273	-0.060366	0.06
-0.055241	-0.43753	1.9178	0.0035614	0.74265	-0.057812	0.06
-0.052515	-0.43741	1.918	0.0033861	0.74257	-0.05496	0.06
-0.049524	-0.43729	1.9182	0.0031937	0.74248	-0.05183	0.06
-0.046248	-0.43717	1.9185	0.0029829	0.74239	-0.048402	0.06
-0.042706	-0.43705	1.9187	0.0027549	0.7423	-0.044696	0.06
-0.038878	-0.43692	1.9189	0.0025083	0.74221	-0.04069	0.06
-0.035049	-0.43681	1.9191	0.0022616	0.74212	-0.036683	0.06
-0.031505	-0.43672	1.9192	0.0020331	0.74205	-0.032973	0.06
-0.028223	-0.43664	1.9193	0.0018215	0.742	-0.029539	0.06
-0.025227	-0.43658	1.9194	0.0016283	0.74195	-0.026403	0.06
-0.022494	-0.43653	1.9195	0.001452	0.74191	-0.023543	0.06
-0.020047	-0.43649	1.9196	0.0012941	0.74188	-0.020982	0.06
-0.017863	-0.43646	1.9197	0.0011532	0.74186	-0.018696	0.06
-0.015966	-0.43643	1.9197	0.0010307	0.74184	-0.01671	0.06
-0.014332	-0.43641	1.9197	0.00092524	0.74182	-0.015	0.06
-0.012984	-0.4364	1.9198	0.00083824	0.74181	-0.01359	0.06
-0.0119	-0.43639	1.9198	0.00076827	0.74181	-0.012455	0.06
-0.011102	-0.43638	1.9198	0.00071675	0.7418	-0.01162	0.06
-0.010568	-0.43638	1.9198	0.00068228	0.7418	-0.011061	0.06
-0.01032	-0.43637	1.9198	0.00066627	0.7418	-0.010801	0.06
-0.010336	-0.43637	1.9198	0.00066731	0.7418	-0.010818	0.06
-0.010638	-0.43638	1.9198	0.00068681	0.7418	-0.011134	0.06
-0.011204	-0.43638	1.9198	0.00072335	0.7418	-0.011727	0.06
-0.012056	-0.43639	1.9198	0.00077835	0.74181	-0.012618	0.06
-0.013172	-0.4364	1.9197	0.00085038	0.74182	-0.013787	0.06
-0.014574	-0.43642	1.9197	0.00094087	0.74183	-0.015254	0.06
-0.01624	-0.43644	1.9197	0.0010484	0.74184	-0.016997	0.06
-0.018192	-0.43646	1.9196	0.0011744	0.74186	-0.01904	0.06
-0.020407	-0.4365	1.9196	0.0013173	0.74189	-0.021359	0.06
-0.022908	-0.43654	1.9195	0.0014787	0.74192	-0.023977	0.06
-0.025673	-0.43659	1.9194	0.0016571	0.74196	-0.02687	0.06
-0.028723	-0.43665	1.9193	0.0018538	0.74201	-0.030062	0.06
-0.032037	-0.43673	1.9192	0.0020674	0.74206	-0.03353	0.06
-0.035635	-0.43683	1.919	0.0022994	0.74213	-0.037296	0.06
-0.039496	-0.43694	1.9188	0.0025481	0.74222	-0.041337	0.06
-0.043642	-0.43708	1.9186	0.0028151	0.74232	-0.045675	0.06
-0.047927	-0.43723	1.9183	0.003091	0.74243	-0.050159	0.06
-0.051961	-0.43739	1.9181	0.0033504	0.74255	-0.05438	0.06
-0.055729	-0.43755	1.9178	0.0035927	0.74267	-0.058323	0.06
-0.059211	-0.4377	1.9175	0.0038165	0.74279	-0.061966	0.06
-0.062429	-0.43786	1.9173	0.0040231	0.7429	-0.065333	0.06
-0.06536	-0.43801	1.917	0.0042113	0.74301	-0.0684	0.06
-0.068028	-0.43814	1.9168	0.0043824	0.74312	-0.07119	0.06
-0.07041	-0.43827	1.9166	0.0045351	0.74321	-0.073682	0.06
-0.072528	-0.43839	1.9164	0.0046709	0.7433	-0.075899	0.06
-0.074362	-0.4385	1.9162	0.0047883	0.74338	-0.077816	0.06
-0.075932	-0.43859	1.9161	0.0048889	0.74345	-0.079459	0.06
-0.077218	-0.43867	1.9159	0.0049712	0.74351	-0.080804	0.06
-0.078241	-0.43873	1.9158	0.0050367	0.74355	-0.081874	0.06
-0.07898	-0.43878	1.9157	0.0050839	0.74359	-0.082647	0.06
-0.079456	-0.43881	1.9157	0.0051144	0.74361	-0.083145	0.06
-0.079648	-0.43882	1.9157	0.0051267	0.74362	-0.083346	0.06
-0.079577	-0.43881	1.9157	0.0051222	0.74361	-0.083272	0.06
-0.079222	-0.43879	1.9157	0.0050995	0.7436	-0.082901	0.06
-0.078605	-0.43875	1.9158	0.00506	0.74357	-0.082255	0.06
-0.077704	-0.4387	1.9159	0.0050023	0.74353	-0.081312	0.06
-0.07654	-0.43863	1.916	0.0049278	0.74348	-0.080095	0.06
-0.075091	-0.43854	1.9161	0.004835	0.74341	-0.078579	0.06
-0.073379	-0.43844	1.9163	0.0047254	0.74334	-0.076789	0.06
-0.071382	-0.43833	1.9165	0.0045974	0.74325	-0.0747	0.06
-0.069122	-0.4382	1.9167	0.0044526	0.74316	-0.072335	0.06
-0.066621	-0.43807	1.9169	0.0042921	0.74306	-0.069718	0.06
-0.064293	-0.43795	1.9171	0.0041428	0.74297	-0.067283	0.06
-0.06225	-0.43785	1.9173	0.0040117	0.7429	-0.065146	0.06
-0.06047	-0.43776	1.9174	0.0038973	0.74283	-0.063283	0.06
-0.058974	-0.43769	1.9176	0.0038013	0.74278	-0.061718	0.06
-0.057741	-0.43764	1.9177	0.0037221	0.74274	-0.060428	0.06
-0.056793	-0.43759	1.9177	0.0036611	0.74271	-0.059436	0.06
-0.056109	-0.43756	1.9178	0.0036171	0.74268	-0.05872	0.06
-0.055709	-0.43755	1.9178	0.0035914	0.74267	-0.058302	0.06
-0.055572	-0.43754	1.9178	0.0035827	0.74267	-0.058159	0.06
-0.055721	-0.43755	1.9178	0.0035922	0.74267	-0.058314	0.06
-0.056133	-0.43757	1.9178	0.0036187	0.74268	-0.058745	0.06
-0.05683	-0.4376	1.9177	0.0036635	0.74271	-0.059475	0.06
-0.05779	-0.43764	1.9177	0.0037252	0.74274	-0.060479	0.06
-0.059035	-0.4377	1.9176	0.0038052	0.74278	-0.061782	0.06
-0.060543	-0.43777	1.9174	0.003902	0.74283	-0.063359	0.06
-0.062335	-0.43785	1.9173	0.0040171	0.7429	-0.065235	0.06
-0.06439	-0.43796	1.9171	0.004149	0.74297	-0.067385	0.06
-0.06673	-0.43808	1.9169	0.0042991	0.74306	-0.069832	0.06
-0.069331	-0.43821	1.9167	0.004466	0.74317	-0.072554	0.06
-0.072216	-0.43838	1.9164	0.0046509	0.74329	-0.075572	0.06
-0.075363	-0.43856	1.9161	0.0048524	0.74342	-0.078863	0.06
-0.078792	-0.43877	1.9158	0.0050719	0.74358	-0.08245	0.06
-0.082481	-0.439	1.9154	0.0053079	0.74375	-0.086309	0.06
-0.086452	-0.43926	1.9149	0.0055616	0.74395	-0.090463	0.06
-0.090683	-0.43956	1.9144	0.0058316	0.74417	-0.094887	0.06
-0.095193	-0.43989	1.9139	0.0061192	0.74442	-0.099604	0.06
-0.0997	-0.44023	1.9133	0.0064062	0.74468	-0.10432	0.06
-0.10392	-0.44057	1.9127	0.0066745	0.74493	-0.10873	0.06
-0.10787	-0.4409	1.9121	0.0069257	0.74518	-0.11286	0.06
-0.11154	-0.44122	1.9116	0.0071585	0.74541	-0.1167	0.06
-0.11495	-0.44153	1.9111	0.0073743	0.74564	-0.12026	0.06
-0.11807	-0.44181	1.9106	0.0075718	0.74586	-0.12352	0.06
-0.12093	-0.44208	1.9101	0.0077525	0.74606	-0.12651	0.06
-0.1235	-0.44233	1.9097	0.0079151	0.74625	-0.1292	0.06
-0.12582	-0.44256	1.9093	0.0080611	0.74642	-0.13162	0.06
-0.12785	-0.44277	1.909	0.0081892	0.74657	-0.13374	0.06
-0.12962	-0.44295	1.9087	0.0083007	0.74671	-0.13559	0.06
-0.1311	-0.4431	1.9084	0.0083944	0.74682	-0.13714	0.06
-0.13233	-0.44323	1.9082	0.0084716	0.74692	-0.13842	0.06
-0.13354	-0.44336	1.908	0.0085474	0.74701	-0.13968	0.06
-0.13463	-0.44347	1.9078	0.0086163	0.7471	-0.14083	0.06
-0.13563	-0.44358	1.9076	0.008679	0.74718	-0.14187	0.06
-0.13656	-0.44368	1.9074	0.0087374	0.74726	-0.14284	0.06
-0.13744	-0.44378	1.9073	0.0087926	0.74733	-0.14376	0.06
-0.13829	-0.44387	1.9071	0.0088462	0.7474	-0.14465	0.06
-0.13914	-0.44396	1.907	0.0088994	0.74747	-0.14554	0.06
-0.14	-0.44406	1.9068	0.0089532	0.74754	-0.14643	0.06
-0.14087	-0.44416	1.9066	0.0090082	0.74761	-0.14735	0.06
-0.14177	-0.44426	1.9065	0.0090643	0.74769	-0.14828	0.06
-0.14267	-0.44436	1.9063	0.0091211	0.74777	-0.14923	0.06
-0.14358	-0.44446	1.9061	0.0091778	0.74784	-0.15017	0.06
-0.14446	-0.44456	1.906	0.0092331	0.74792	-0.1511	0.06
-0.1453	-0.44466	1.9058	0.0092855	0.74799	-0.15197	0.06
-0.14607	-0.44475	1.9056	0.0093334	0.74806	-0.15277	0.06
-0.14675	-0.44483	1.9055	0.009376	0.74812	-0.15348	0.06
-0.14731	-0.44489	1.9054	0.0094116	0.74817	-0.15407	0.06
-0.14777	-0.44495	1.9053	0.00944	0.74821	-0.15455	0.06
-0.14809	-0.44499	1.9052	0.0094601	0.74824	-0.15489	0.06
-0.14828	-0.44501	1.9052	0.0094721	0.74825	-0.15509	0.06
-0.14833	-0.44501	1.9052	0.0094752	0.74826	-0.15514	0.06
-0.14825	-0.445	1.9052	0.00947	0.74825	-0.15505	0.06
-0.14802	-0.44498	1.9052	0.0094559	0.74823	-0.15482	0.06
-0.14767	-0.44494	1.9053	0.0094337	0.7482	-0.15445	0.06
-0.14718	-0.44488	1.9054	0.0094032	0.74816	-0.15394	0.06
-0.14658	-0.44481	1.9055	0.0093655	0.7481	-0.1533	0.06
-0.14586	-0.44472	1.9057	0.0093205	0.74804	-0.15255	0.06
-0.14505	-0.44463	1.9058	0.0092697	0.74797	-0.15171	0.06
-0.14415	-0.44453	1.906	0.0092135	0.74789	-0.15077	0.06
-0.1432	-0.44442	1.9062	0.0091538	0.74781	-0.14977	0.06
-0.14221	-0.44431	1.9064	0.009092	0.74773	-0.14874	0.06
-0.14122	-0.44419	1.9066	0.0090301	0.74764	-0.14771	0.06
-0.14027	-0.44409	1.9068	0.0089702	0.74756	-0.14671	0.06
-0.13937	-0.44399	1.9069	0.0089141	0.74749	-0.14578	0.06
-0.13857	-0.4439	1.9071	0.008864	0.74742	-0.14495	0.06
-0.13789	-0.44383	1.9072	0.0088209	0.74736	-0.14423	0.06
-0.13734	-0.44377	1.9073	0.0087867	0.74732	-0.14366	0.06
-0.13695	-0.44372	1.9074	0.0087618	0.74729	-0.14324	0.06
-0.13672	-0.4437	1.9074	0.0087476	0.74727	-0.14301	0.06
-0.13666	-0.44369	1.9074	0.0087439	0.74726	-0.14295	0.06
