0	-0.43633	1.9199	0	0.74176	0	0.06
0	-0.43633	1.9199	0	0.74176	0	0.06
0	-0.43633	1.9199	0	0.74176	0	0.06
-0.00060508	-0.43633	1.9199	3.9067e-05	0.74177	-0.0006333	0.06
-0.0013202	-0.43633	1.9199	8.5236e-05	0.74177	-0.0013817	0.06
-0.0023103	-0.43633	1.9199	0.00014916	0.74177	-0.0024181	0.06
-0.0035754	-0.43634	1.9199	0.00023084	0.74177	-0.0037422	0.06
-0.0051156	-0.43634	1.9198	0.00033028	0.74177	-0.0053542	0.06
-0.0069307	-0.43635	1.9198	0.00044747	0.74178	-0.007254	0.06
-0.0089738	-0.43636	1.9198	0.00057937	0.74179	-0.0093924	0.06
-0.010836	-0.43638	1.9198	0.00069961	0.7418	-0.011342	0.06
-0.012424	-0.43639	1.9198	0.0008021	0.74181	-0.013004	0.06
-0.013737	-0.43641	1.9197	0.00088683	0.74182	-0.014377	0.06
-0.014774	-0.43642	1.9197	0.0009538	0.74183	-0.015463	0.06
-0.015537	-0.43643	1.9197	0.001003	0.74184	-0.016262	0.06
-0.016025	-0.43643	1.9197	0.0010345	0.74184	-0.016772	0.06
-0.016237	-0.43644	1.9197	0.0010482	0.74184	-0.016995	0.06
-0.016175	-0.43643	1.9197	0.0010442	0.74184	-0.016929	0.06
-0.015838	-0.43643	1.9197	0.0010224	0.74184	-0.016577	0.06
-0.015226	-0.43642	1.9197	0.00098293	0.74183	-0.015936	0.06
-0.014338	-0.43641	1.9197	0.00092567	0.74182	-0.015007	0.06
-0.013176	-0.4364	1.9197	0.00085065	0.74182	-0.013791	0.06
-0.011739	-0.43639	1.9198	0.00075787	0.74181	-0.012287	0.06
-0.010027	-0.43637	1.9198	0.00064734	0.74179	-0.010494	0.06
-0.0080393	-0.43636	1.9198	0.00051904	0.74178	-0.0084144	0.06
-0.0057769	-0.43635	1.9198	0.00037298	0.74177	-0.0060464	0.06
-0.0032394	-0.43634	1.9199	0.00020915	0.74177	-0.0033905	0.06
-0.0004268	-0.43633	1.9199	2.7556e-05	0.74176	-0.00044671	0.06
0.0026608	-0.43634	1.9199	-0.00017179	0.74177	0.0027849	0.06
0.0060234	-0.43635	1.9198	-0.00038889	0.74178	0.0063043	0.06
0.0093414	-0.43637	1.9198	-0.0006031	0.74179	0.0097772	0.06
0.012384	-0.43639	1.9198	-0.00079953	0.74181	0.012962	0.06
0.015152	-0.43642	1.9197	-0.00097818	0.74183	0.015859	0.06
0.017645	-0.43645	1.9197	-0.0011391	0.74186	0.018468	0.06
0.019862	-0.43649	1.9196	-0.0012821	0.74188	0.020788	0.06
0.021804	-0.43652	1.9195	-0.0014075	0.7419	0.022821	0.06
0.023472	-0.43655	1.9195	-0.001515	0.74193	0.024566	0.06
0.024864	-0.43657	1.9195	-0.0016049	0.74194	0.026023	0.06
0.025981	-0.4366	1.9194	-0.0016769	0.74196	0.027193	0.06
0.026824	-0.43661	1.9194	-0.0017313	0.74197	0.028074	0.06
0.027391	-0.43663	1.9194	-0.0017679	0.74198	0.028668	0.06
0.027684	-0.43663	1.9194	-0.0017867	0.74199	0.028975	0.06
0.027702	-0.43663	1.9194	-0.0017879	0.74199	0.028993	0.06
0.027445	-0.43663	1.9194	-0.0017713	0.74198	0.028724	0.06
0.026913	-0.43662	1.9194	-0.001737	0.74198	0.028168	0.06
0.026106	-0.4366	1.9194	-0.001685	0.74196	0.027324	0.06
0.025025	-0.43658	1.9194	-0.0016152	0.74195	0.026192	0.06
0.023668	-0.43655	1.9195	-0.0015277	0.74193	0.024772	0.06
0.022037	-0.43652	1.9195	-0.0014225	0.74191	0.023064	0.06
0.02013	-0.43649	1.9196	-0.0012994	0.74188	0.021069	0.06
0.017949	-0.43646	1.9196	-0.0011587	0.74186	0.018786	0.06
0.015492	-0.43643	1.9197	-0.0010001	0.74183	0.016214	0.06
0.01276	-0.4364	1.9198	-0.00082377	0.74181	0.013355	0.06
0.0097527	-0.43637	1.9198	-0.00062965	0.74179	0.010208	0.06
0.0064703	-0.43635	1.9198	-0.00041775	0.74178	0.0067722	0.06
0.0029128	-0.43634	1.9199	-0.00018806	0.74177	0.0030487	0.06
-0.00091985	-0.43633	1.9199	5.939e-05	0.74177	-0.00096276	0.06
-0.0050275	-0.43634	1.9198	0.0003246	0.74177	-0.005262	0.06
-0.00941	-0.43637	1.9198	0.00060753	0.74179	-0.0098489	0.06
-0.014067	-0.43641	1.9197	0.00090815	0.74182	-0.014723	0.06
-0.018999	-0.43647	1.9196	0.0012264	0.74187	-0.019885	0.06
-0.024204	-0.43656	1.9195	0.0015623	0.74194	-0.025333	0.06
-0.029683	-0.43668	1.9193	0.0019157	0.74202	-0.031067	0.06
-0.035435	-0.43682	1.919	0.0022864	0.74213	-0.037086	0.06
-0.041459	-0.437	1.9187	0.0026746	0.74227	-0.04339	0.06
-0.047754	-0.43722	1.9184	0.0030798	0.74243	-0.049978	0.06
-0.05432	-0.43749	1.9179	0.0035022	0.74262	-0.056849	0.06
-0.06109	-0.43779	1.9174	0.0039371	0.74285	-0.063931	0.06
-0.067645	-0.43812	1.9168	0.0043578	0.7431	-0.07079	0.06
-0.073922	-0.43847	1.9163	0.0047601	0.74336	-0.077356	0.06
-0.079919	-0.43884	1.9156	0.005144	0.74363	-0.083629	0.06
-0.085638	-0.43921	1.915	0.0055096	0.74391	-0.089611	0.06
-0.091078	-0.43959	1.9144	0.0058568	0.74419	-0.0953	0.06
-0.09624	-0.43997	1.9137	0.0061859	0.74448	-0.1007	0.06
-0.10113	-0.44035	1.9131	0.0064968	0.74476	-0.10581	0.06
-0.10573	-0.44072	1.9125	0.0067898	0.74504	-0.11062	0.06
-0.11007	-0.44109	1.9118	0.0070647	0.74532	-0.11515	0.06
-0.11412	-0.44145	1.9112	0.0073218	0.74559	-0.11939	0.06
-0.1179	-0.4418	1.9106	0.0075612	0.74585	-0.12335	0.06
-0.12141	-0.44213	1.9101	0.0077829	0.74609	-0.12701	0.06
-0.12464	-0.44245	1.9095	0.0079871	0.74633	-0.13039	0.06
-0.1276	-0.44274	1.909	0.0081738	0.74655	-0.13348	0.06
-0.13029	-0.44302	1.9086	0.0083432	0.74676	-0.13629	0.06
-0.13271	-0.44327	1.9081	0.0084953	0.74695	-0.13882	0.06
-0.13486	-0.4435	1.9078	0.0086304	0.74712	-0.14106	0.06
-0.13673	-0.4437	1.9074	0.0087484	0.74727	-0.14302	0.06
-0.13834	-0.44387	1.9071	0.0088494	0.7474	-0.1447	0.06
-0.13968	-0.44402	1.9069	0.0089335	0.74751	-0.1461	0.06
-0.14076	-0.44414	1.9067	0.0090008	0.7476	-0.14722	0.06
-0.14156	-0.44423	1.9065	0.0090513	0.74767	-0.14806	0.06
-0.1421	-0.44429	1.9064	0.009085	0.74772	-0.14863	0.06
-0.14237	-0.44432	1.9064	0.0091021	0.74774	-0.14891	0.06
-0.14238	-0.44433	1.9064	0.0091025	0.74774	-0.14892	0.06
-0.14212	-0.4443	1.9064	0.0090863	0.74772	-0.14865	0.06
-0.1416	-0.44424	1.9065	0.0090536	0.74767	-0.1481	0.06
-0.14082	-0.44415	1.9067	0.0090046	0.74761	-0.14729	0.06
-0.13978	-0.44403	1.9068	0.0089398	0.74752	-0.14621	0.06
-0.13866	-0.44391	1.9071	0.0088696	0.74743	-0.14504	0.06
-0.13777	-0.44381	1.9072	0.0088136	0.74736	-0.14411	0.06
-0.13714	-0.44374	1.9073	0.0087739	0.7473	-0.14345	0.06
-0.13677	-0.4437	1.9074	0.0087506	0.74727	-0.14306	0.06
-0.13666	-0.44369	1.9074	0.0087439	0.74726	-0.14295	0.06
