0	-0.43633	1.9199	0	0.74176	0	0.06
0	-0.43633	1.9199	0	0.74176	0	0.06
0	-0.43633	1.9199	0	0.74176	0	0.06
0.00076898	-0.43633	1.9199	-4.9649e-05	0.74177	0.00080485	0.06
0.0015444	-0.43633	1.9199	-9.9717e-05	0.74177	0.0016165	0.06
0.0026222	-0.43634	1.9199	-0.0001693	0.74177	0.0027446	0.06
0.0039563	-0.43634	1.9199	-0.00025544	0.74177	0.0041408	0.06
0.0055596	-0.43634	1.9198	-0.00035895	0.74177	0.005819	0.06
0.0074586	-0.43635	1.9198	-0.00048155	0.74178	0.0078066	0.06
0.0096138	-0.43637	1.9198	-0.00062068	0.74179	0.010062	0.06
0.012045	-0.43639	1.9198	-0.0007776	0.74181	0.012606	0.06
0.014764	-0.43642	1.9197	-0.00095315	0.74183	0.015453	0.06
0.01774	-0.43646	1.9197	-0.0011452	0.74186	0.018567	0.06
0.020997	-0.4365	1.9196	-0.0013554	0.74189	0.021976	0.06
0.024536	-0.43657	1.9195	-0.0015837	0.74194	0.02568	0.06
0.028331	-0.43665	1.9193	-0.0018284	0.742	0.029651	0.06
0.032412	-0.43674	1.9192	-0.0020916	0.74207	0.033923	0.06
0.036769	-0.43686	1.919	-0.0023724	0.74216	0.038482	0.06
0.041379	-0.437	1.9187	-0.0026694	0.74226	0.043307	0.06
0.046281	-0.43717	1.9184	-0.002985	0.74239	0.048437	0.06
0.05145	-0.43737	1.9181	-0.0033176	0.74254	0.053845	0.06
0.05687	-0.4376	1.9177	-0.0036661	0.74271	0.059517	0.06
0.062587	-0.43787	1.9173	-0.0040333	0.74291	0.065498	0.06
0.06856	-0.43817	1.9168	-0.0044165	0.74314	0.071747	0.06
0.074781	-0.43852	1.9162	-0.0048152	0.7434	0.078255	0.06
0.081297	-0.43892	1.9155	-0.0052322	0.7437	0.085071	0.06
0.088038	-0.43937	1.9147	-0.0056629	0.74403	0.092121	0.06
0.094853	-0.43986	1.9139	-0.0060975	0.7444	0.099248	0.06
0.10166	-0.44039	1.913	-0.0065308	0.74479	0.10636	0.06
0.10846	-0.44095	1.9121	-0.0069626	0.74521	0.11347	0.06
0.11524	-0.44155	1.911	-0.0073928	0.74566	0.12056	0.06
0.12202	-0.44219	1.91	-0.0078214	0.74614	0.12765	0.06
0.12878	-0.44286	1.9088	-0.0082481	0.74664	0.13471	0.06
0.13553	-0.44357	1.9076	-0.0086729	0.74717	0.14177	0.06
0.14227	-0.44431	1.9064	-0.0090957	0.74773	0.14881	0.06
0.14899	-0.44509	1.9051	-0.0095164	0.74832	0.15583	0.06
0.1557	-0.44591	1.9037	-0.0099349	0.74893	0.16283	0.06
0.16239	-0.44676	1.9022	-0.010351	0.74957	0.16982	0.06
0.16903	-0.44764	1.9007	-0.010763	0.75023	0.17674	0.06
0.17545	-0.44853	1.8992	-0.011159	0.7509	0.18344	0.06
0.1816	-0.44941	1.8977	-0.011538	0.75157	0.18986	0.06
0.18749	-0.45028	1.8962	-0.0119	0.75223	0.19601	0.06
0.1931	-0.45115	1.8948	-0.012243	0.75288	0.20186	0.06
0.19844	-0.45199	1.8933	-0.012569	0.75352	0.20743	0.06
0.20353	-0.45282	1.8919	-0.012878	0.75415	0.21273	0.06
0.20833	-0.45362	1.8906	-0.013168	0.75476	0.21773	0.06
0.21286	-0.4544	1.8892	-0.013442	0.75534	0.22246	0.06
0.21715	-0.45515	1.888	-0.013701	0.75591	0.22692	0.06
0.22114	-0.45586	1.8868	-0.01394	0.75646	0.23108	0.06
0.22489	-0.45654	1.8856	-0.014165	0.75697	0.23498	0.06
0.22838	-0.45719	1.8845	-0.014373	0.75747	0.23861	0.06
0.23158	-0.45779	1.8835	-0.014564	0.75793	0.24195	0.06
0.23454	-0.45836	1.8825	-0.01474	0.75836	0.24503	0.06
0.23725	-0.45888	1.8816	-0.014901	0.75876	0.24785	0.06
0.23968	-0.45936	1.8808	-0.015045	0.75912	0.25038	0.06
0.24188	-0.4598	1.88	-0.015175	0.75945	0.25266	0.06
0.24385	-0.46019	1.8794	-0.015291	0.75976	0.25471	0.06
0.24585	-0.46059	1.8787	-0.015409	0.76006	0.2568	0.06
0.24808	-0.46105	1.8779	-0.01554	0.76041	0.25911	0.06
0.25055	-0.46156	1.877	-0.015686	0.7608	0.26169	0.06
0.25329	-0.46213	1.876	-0.015846	0.76124	0.26453	0.06
0.25626	-0.46275	1.875	-0.01602	0.76172	0.26762	0.06
0.25949	-0.46345	1.8738	-0.016208	0.76224	0.27098	0.06
0.26297	-0.4642	1.8725	-0.016411	0.76282	0.2746	0.06
0.26668	-0.46502	1.8711	-0.016626	0.76345	0.27845	0.06
0.27066	-0.46591	1.8696	-0.016856	0.76414	0.28259	0.06
0.27488	-0.46687	1.8679	-0.017099	0.76487	0.28697	0.06
0.27932	-0.4679	1.8662	-0.017354	0.76567	0.29158	0.06
0.28403	-0.46901	1.8642	-0.017623	0.76652	0.29646	0.06
0.28896	-0.4702	1.8622	-0.017903	0.76744	0.30159	0.06
0.29411	-0.47147	1.86	-0.018195	0.76842	0.30693	0.06
0.29952	-0.47283	1.8577	-0.0185	0.76947	0.31254	0.06
0.30515	-0.47427	1.8552	-0.018815	0.77059	0.31838	0.06
0.31099	-0.4758	1.8526	-0.01914	0.77177	0.32443	0.06
0.31706	-0.47743	1.8498	-0.019476	0.77304	0.33072	0.06
0.32323	-0.47913	1.8468	-0.019815	0.77436	0.33711	0.06
0.32939	-0.48086	1.8438	-0.020152	0.77571	0.34349	0.06
0.33551	-0.48262	1.8408	-0.020483	0.77708	0.34982	0.06
0.34148	-0.48437	1.8378	-0.020804	0.77845	0.35599	0.06
0.34718	-0.48608	1.8348	-0.021109	0.77979	0.36189	0.06
0.35261	-0.48774	1.8319	-0.021398	0.78109	0.3675	0.06
0.3578	-0.48936	1.8291	-0.021671	0.78236	0.37286	0.06
0.36273	-0.49092	1.8264	-0.02193	0.78359	0.37795	0.06
0.36738	-0.49242	1.8238	-0.022172	0.78477	0.38275	0.06
0.37181	-0.49387	1.8213	-0.022401	0.78591	0.38732	0.06
0.37596	-0.49525	1.8189	-0.022615	0.787	0.39161	0.06
0.37987	-0.49657	1.8166	-0.022815	0.78805	0.39563	0.06
0.38354	-0.49782	1.8144	-0.023002	0.78904	0.39942	0.06
0.38695	-0.499	1.8123	-0.023175	0.78997	0.40293	0.06
0.39012	-0.50011	1.8104	-0.023335	0.79085	0.4062	0.06
0.39306	-0.50115	1.8086	-0.023483	0.79167	0.40923	0.06
0.39574	-0.5021	1.8069	-0.023617	0.79243	0.41199	0.06
0.39819	-0.50298	1.8054	-0.023738	0.79313	0.41451	0.06
0.40041	-0.50379	1.804	-0.023849	0.79377	0.4168	0.06
0.40237	-0.5045	1.8027	-0.023946	0.79434	0.41881	0.06
0.40411	-0.50514	1.8016	-0.024032	0.79485	0.4206	0.06
0.40563	-0.5057	1.8006	-0.024106	0.7953	0.42216	0.06
0.40689	-0.50616	1.7998	-0.024168	0.79567	0.42346	0.06
0.40793	-0.50655	1.7992	-0.024219	0.79598	0.42453	0.06
0.40874	-0.50685	1.7986	-0.024259	0.79622	0.42536	0.06
0.4093	-0.50706	1.7983	-0.024287	0.79639	0.42594	0.06
0.40965	-0.50719	1.798	-0.024303	0.79649	0.4263	0.06
0.40976	-0.50724	1.798	-0.024309	0.79653	0.42641	0.06
0.40963	-0.50719	1.798	-0.024303	0.79649	0.42628	0.06
0.40929	-0.50706	1.7983	-0.024286	0.79638	0.42592	0.06
0.4087	-0.50684	1.7986	-0.024257	0.79621	0.42532	0.06
0.40788	-0.50653	1.7992	-0.024217	0.79596	0.42447	0.06
0.40684	-0.50614	1.7999	-0.024166	0.79566	0.4234	0.06
0.40555	-0.50567	1.8007	-0.024103	0.79528	0.42208	0.06
0.40403	-0.50511	1.8017	-0.024028	0.79483	0.42052	0.06
0.40229	-0.50447	1.8028	-0.023942	0.79432	0.41872	0.06
0.40029	-0.50374	1.8041	-0.023843	0.79374	0.41667	0.06
0.39807	-0.50294	1.8055	-0.023732	0.7931	0.41438	0.06
0.39562	-0.50206	1.807	-0.02361	0.7924	0.41186	0.06
0.3929	-0.50109	1.8087	-0.023475	0.79163	0.40906	0.06
0.38996	-0.50005	1.8105	-0.023327	0.7908	0.40603	0.06
0.38678	-0.49894	1.8124	-0.023167	0.78993	0.40276	0.06
0.38334	-0.49775	1.8145	-0.022992	0.78898	0.39921	0.06
0.37966	-0.4965	1.8167	-0.022805	0.78799	0.39542	0.06
0.37575	-0.49518	1.819	-0.022604	0.78695	0.39138	0.06
0.37161	-0.49381	1.8214	-0.022391	0.78586	0.38712	0.06
0.36757	-0.49248	1.8237	-0.022182	0.78482	0.38295	0.06
0.36375	-0.49125	1.8258	-0.021983	0.78385	0.37901	0.06
0.36018	-0.49011	1.8278	-0.021797	0.78295	0.37532	0.06
0.35683	-0.48905	1.8297	-0.02162	0.78212	0.37186	0.06
0.35371	-0.48808	1.8313	-0.021456	0.78135	0.36863	0.06
0.35084	-0.48719	1.8329	-0.021304	0.78066	0.36567	0.06
0.34819	-0.48638	1.8343	-0.021163	0.78002	0.36293	0.06
0.34578	-0.48566	1.8355	-0.021035	0.77945	0.36044	0.06
0.34362	-0.48501	1.8367	-0.020919	0.77895	0.35821	0.06
0.34169	-0.48443	1.8377	-0.020816	0.7785	0.35621	0.06
0.34001	-0.48393	1.8385	-0.020726	0.77811	0.35447	0.06
0.33858	-0.48351	1.8393	-0.020648	0.77778	0.35299	0.06
0.33737	-0.48316	1.8399	-0.020583	0.7775	0.35174	0.06
0.33642	-0.48288	1.8403	-0.020532	0.77728	0.35076	0.06
0.33572	-0.48268	1.8407	-0.020494	0.77712	0.35003	0.06
0.33524	-0.48254	1.8409	-0.020469	0.77702	0.34954	0.06
0.33503	-0.48248	1.841	-0.020457	0.77697	0.34933	0.06
0.33506	-0.48249	1.841	-0.020459	0.77697	0.34936	0.06
0.33532	-0.48256	1.8409	-0.020473	0.77703	0.34962	0.06
0.33585	-0.48272	1.8406	-0.020502	0.77715	0.35017	0.06
0.33662	-0.48294	1.8402	-0.020543	0.77733	0.35096	0.06
0.33761	-0.48323	1.8397	-0.020596	0.77755	0.35199	0.06
0.33887	-0.4836	1.8391	-0.020665	0.77784	0.3533	0.06
0.34037	-0.48404	1.8383	-0.020745	0.77819	0.35484	0.06
0.3418	-0.48447	1.8376	-0.020822	0.77852	0.35633	0.06
0.34298	-0.48482	1.837	-0.020885	0.7788	0.35754	0.06
0.34393	-0.4851	1.8365	-0.020936	0.77902	0.35852	0.06
0.34463	-0.48531	1.8361	-0.020973	0.77918	0.35925	0.06
0.34508	-0.48544	1.8359	-0.020997	0.77929	0.35971	0.06
0.3453	-0.48551	1.8358	-0.021009	0.77934	0.35994	0.06
0.34526	-0.4855	1.8358	-0.021007	0.77933	0.35991	0.06
0.34498	-0.48542	1.836	-0.020992	0.77927	0.35961	0.06
0.34447	-0.48526	1.8362	-0.020965	0.77914	0.35908	0.06
0.3437	-0.48503	1.8366	-0.020924	0.77897	0.35829	0.06
0.34269	-0.48473	1.8371	-0.020869	0.77873	0.35724	0.06
0.34145	-0.48436	1.8378	-0.020803	0.77844	0.35596	0.06
0.33994	-0.48391	1.8386	-0.020722	0.77809	0.3544	0.06
0.33819	-0.4834	1.8394	-0.020628	0.77769	0.35259	0.06
0.33621	-0.48282	1.8405	-0.020521	0.77723	0.35054	0.06
0.33396	-0.48217	1.8416	-0.020399	0.77672	0.34821	0.06
0.33146	-0.48145	1.8428	-0.020264	0.77617	0.34563	0.06
0.32874	-0.48067	1.8442	-0.020116	0.77556	0.34281	0.06
0.32573	-0.47982	1.8456	-0.019952	0.7749	0.33969	0.06
0.32248	-0.47892	1.8472	-0.019774	0.77419	0.33633	0.06
0.31899	-0.47796	1.8488	-0.019582	0.77345	0.33272	0.06
0.31521	-0.47693	1.8506	-0.019374	0.77265	0.32881	0.06
0.3112	-0.47586	1.8525	-0.019151	0.77182	0.32464	0.06
0.30693	-0.47473	1.8544	-0.018914	0.77094	0.32022	0.06
0.30237	-0.47356	1.8564	-0.018659	0.77003	0.3155	0.06
0.29757	-0.47233	1.8585	-0.01839	0.76909	0.31052	0.06
0.2925	-0.47107	1.8607	-0.018104	0.76811	0.30526	0.06
0.28715	-0.46976	1.863	-0.017801	0.7671	0.29971	0.06
0.28154	-0.46842	1.8653	-0.017481	0.76607	0.29389	0.06
0.27566	-0.46705	1.8676	-0.017144	0.76501	0.28778	0.06
0.26963	-0.46568	1.87	-0.016797	0.76396	0.28151	0.06
0.26382	-0.46439	1.8722	-0.01646	0.76297	0.27548	0.06
0.25826	-0.46318	1.8742	-0.016137	0.76204	0.2697	0.06
0.25294	-0.46206	1.8762	-0.015826	0.76118	0.26417	0.06
0.24786	-0.461	1.878	-0.015527	0.76038	0.25888	0.06
0.24303	-0.46003	1.8796	-0.015243	0.75963	0.25386	0.06
0.23846	-0.45912	1.8812	-0.014973	0.75894	0.2491	0.06
0.23411	-0.45828	1.8826	-0.014715	0.7583	0.24458	0.06
0.23004	-0.4575	1.884	-0.014473	0.75771	0.24034	0.06
0.22622	-0.45679	1.8852	-0.014244	0.75716	0.23636	0.06
0.22263	-0.45613	1.8863	-0.01403	0.75666	0.23263	0.06
0.21933	-0.45554	1.8873	-0.013832	0.75621	0.22919	0.06
0.21627	-0.45499	1.8882	-0.013648	0.7558	0.22601	0.06
0.21346	-0.4545	1.8891	-0.013479	0.75542	0.22308	0.06
0.21094	-0.45407	1.8898	-0.013326	0.75509	0.22045	0.06
0.20866	-0.45368	1.8905	-0.013189	0.7548	0.21808	0.06
0.20664	-0.45334	1.8911	-0.013066	0.75454	0.21596	0.06
0.20489	-0.45305	1.8915	-0.01296	0.75432	0.21415	0.06
0.2034	-0.4528	1.892	-0.01287	0.75413	0.21259	0.06
0.20217	-0.45259	1.8923	-0.012795	0.75398	0.21131	0.06
0.20121	-0.45244	1.8926	-0.012737	0.75386	0.21031	0.06
0.20051	-0.45232	1.8928	-0.012694	0.75377	0.20958	0.06
0.20007	-0.45225	1.8929	-0.012668	0.75372	0.20912	0.06
0.19991	-0.45223	1.8929	-0.012658	0.7537	0.20895	0.06
0.19999	-0.45224	1.8929	-0.012663	0.75371	0.20904	0.06
0.20035	-0.4523	1.8928	-0.012685	0.75375	0.20942	0.06
0.20098	-0.4524	1.8926	-0.012723	0.75383	0.21007	0.06
0.20171	-0.45252	1.8924	-0.012767	0.75392	0.21083	0.06
0.20221	-0.4526	1.8923	-0.012798	0.75398	0.21135	0.06
0.20245	-0.45264	1.8922	-0.012812	0.75401	0.2116	0.06
0.20244	-0.45264	1.8922	-0.012811	0.75401	0.21159	0.06
0.20214	-0.45259	1.8923	-0.012793	0.75397	0.21128	0.06
0.20159	-0.4525	1.8925	-0.01276	0.75391	0.21071	0.06
0.20079	-0.45237	1.8927	-0.012711	0.75381	0.20987	0.06
0.1997	-0.45219	1.893	-0.012645	0.75367	0.20873	0.06
0.19835	-0.45198	1.8934	-0.012563	0.75351	0.20733	0.06
0.19676	-0.45172	1.8938	-0.012466	0.75332	0.20567	0.06
0.19487	-0.45142	1.8943	-0.012351	0.75309	0.2037	0.06
0.19273	-0.45109	1.8949	-0.01222	0.75284	0.20147	0.06
0.19033	-0.45072	1.8955	-0.012073	0.75256	0.19896	0.06
0.18764	-0.45031	1.8962	-0.011909	0.75225	0.19616	0.06
0.18469	-0.44986	1.897	-0.011728	0.75191	0.19309	0.06
0.18149	-0.44939	1.8978	-0.011531	0.75156	0.18974	0.06
0.17799	-0.44889	1.8986	-0.011316	0.75117	0.18609	0.06
0.17424	-0.44836	1.8995	-0.011084	0.75077	0.18218	0.06
0.17021	-0.4478	1.9005	-0.010836	0.75035	0.17798	0.06
0.1659	-0.44722	1.9015	-0.010569	0.74992	0.17347	0.06
0.16133	-0.44662	1.9025	-0.010285	0.74947	0.16871	0.06
0.15647	-0.446	1.9035	-0.009983	0.749	0.16364	0.06
0.15133	-0.44537	1.9046	-0.0096627	0.74853	0.15827	0.06
0.14594	-0.44473	1.9057	-0.0093255	0.74805	0.15264	0.06
0.14025	-0.44409	1.9068	-0.0089689	0.74756	0.14669	0.06
0.13428	-0.44343	1.9079	-0.0085939	0.74707	0.14046	0.06
0.12804	-0.44279	1.909	-0.0082016	0.74659	0.13394	0.06
0.12153	-0.44214	1.9101	-0.0077908	0.7461	0.12714	0.06
0.11505	-0.44154	1.9111	-0.0073804	0.74565	0.12036	0.06
0.1088	-0.44098	1.912	-0.0069845	0.74524	0.11383	0.06
0.10285	-0.44049	1.9129	-0.0066065	0.74486	0.10761	0.06
0.097151	-0.44004	1.9136	-0.0062439	0.74453	0.10165	0.06
0.091702	-0.43963	1.9143	-0.0058967	0.74422	0.095953	0.06
0.086554	-0.43927	1.9149	-0.0055681	0.74395	0.090569	0.06
0.081655	-0.43895	1.9155	-0.0052551	0.74371	0.085446	0.06
0.077018	-0.43866	1.9159	-0.0049584	0.7435	0.080595	0.06
0.072676	-0.4384	1.9164	-0.0046803	0.74331	0.076053	0.06
0.068587	-0.43817	1.9168	-0.0044182	0.74314	0.071775	0.06
0.064767	-0.43797	1.9171	-0.0041732	0.74299	0.067779	0.06
0.061238	-0.4378	1.9174	-0.0039467	0.74286	0.064087	0.06
0.057964	-0.43765	1.9176	-0.0037364	0.74274	0.060662	0.06
0.054967	-0.43751	1.9179	-0.0035438	0.74265	0.057526	0.06
0.052256	-0.4374	1.9181	-0.0033695	0.74256	0.054689	0.06
0.049801	-0.4373	1.9182	-0.0032115	0.74249	0.05212	0.06
0.047629	-0.43722	1.9184	-0.0030718	0.74243	0.049848	0.06
0.045738	-0.43715	1.9185	-0.0029501	0.74237	0.047869	0.06
0.044103	-0.43709	1.9186	-0.0028448	0.74233	0.046158	0.06
0.04276	-0.43705	1.9187	-0.0027583	0.7423	0.044752	0.06
0.04169	-0.43701	1.9187	-0.0026894	0.74227	0.043632	0.06
0.040877	-0.43699	1.9188	-0.0026371	0.74225	0.042781	0.06
0.040361	-0.43697	1.9188	-0.0026039	0.74224	0.042242	0.06
0.040114	-0.43696	1.9188	-0.0025879	0.74223	0.041983	0.06
0.040123	-0.43696	1.9188	-0.0025885	0.74223	0.041992	0.06
0.040437	-0.43697	1.9188	-0.0026087	0.74224	0.042321	0.06
0.041011	-0.43699	1.9188	-0.0026457	0.74225	0.042922	0.06
0.041534	-0.43701	1.9187	-0.0026794	0.74227	0.043469	0.06
0.041749	-0.43701	1.9187	-0.0026933	0.74227	0.043695	0.06
0.041708	-0.43701	1.9187	-0.0026906	0.74227	0.043651	0.06
0.041402	-0.437	1.9187	-0.0026709	0.74226	0.043331	0.06
0.040795	-0.43698	1.9188	-0.0026318	0.74225	0.042696	0.06
0.039932	-0.43696	1.9188	-0.0025762	0.74223	0.041792	0.06
0.038796	-0.43692	1.9189	-0.0025031	0.7422	0.040604	0.06
0.037367	-0.43688	1.9189	-0.002411	0.74217	0.039108	0.06
0.035681	-0.43683	1.919	-0.0023023	0.74214	0.037344	0.06
0.033716	-0.43678	1.9191	-0.0021757	0.7421	0.035287	0.06
0.031463	-0.43672	1.9192	-0.0020304	0.74205	0.03293	0.06
0.028953	-0.43666	1.9193	-0.0018686	0.74201	0.030303	0.06
0.026158	-0.4366	1.9194	-0.0016883	0.74196	0.027377	0.06
0.023081	-0.43654	1.9195	-0.0014898	0.74192	0.024157	0.06
0.019746	-0.43648	1.9196	-0.0012747	0.74188	0.020667	0.06
0.01612	-0.43643	1.9197	-0.0010406	0.74184	0.016872	0.06
0.012218	-0.43639	1.9198	-0.00078879	0.74181	0.012788	0.06
0.0080588	-0.43636	1.9198	-0.0005203	0.74178	0.0084347	0.06
0.0036011	-0.43634	1.9199	-0.0002325	0.74177	0.0037691	0.06
-0.0011252	-0.43633	1.9199	7.2649e-05	0.74177	-0.0011777	0.06
-0.0061084	-0.43635	1.9198	0.00039438	0.74178	-0.0063934	0.06
-0.011396	-0.43638	1.9198	0.00073574	0.7418	-0.011928	0.06
-0.016945	-0.43644	1.9197	0.0010939	0.74185	-0.017735	0.06
-0.022751	-0.43653	1.9195	0.0014686	0.74192	-0.023812	0.06
-0.028864	-0.43666	1.9193	0.0018628	0.74201	-0.030209	0.06
-0.035231	-0.43682	1.919	0.0022733	0.74213	-0.036873	0.06
-0.04186	-0.43702	1.9187	0.0027004	0.74228	-0.04381	0.06
-0.048725	-0.43726	1.9183	0.0031423	0.74246	-0.050994	0.06
-0.055586	-0.43754	1.9178	0.0035835	0.74267	-0.058173	0.06
-0.062441	-0.43786	1.9173	0.0040239	0.7429	-0.065346	0.06
-0.069291	-0.43821	1.9167	0.0044634	0.74317	-0.072512	0.06
-0.076134	-0.4386	1.916	0.0049018	0.74346	-0.07967	0.06
-0.082958	-0.43903	1.9153	0.0053383	0.74378	-0.086808	0.06
-0.089594	-0.43948	1.9145	0.0057622	0.74411	-0.093748	0.06
-0.095968	-0.43995	1.9138	0.0061685	0.74446	-0.10041	0.06
-0.10205	-0.44042	1.913	0.0065558	0.74482	-0.10677	0.06
-0.10785	-0.4409	1.9121	0.0069241	0.74517	-0.11284	0.06
-0.11339	-0.44139	1.9113	0.0072752	0.74554	-0.11862	0.06
-0.11863	-0.44187	1.9105	0.0076071	0.7459	-0.1241	0.06
-0.12359	-0.44234	1.9097	0.0079209	0.74625	-0.12929	0.06
-0.1283	-0.44281	1.9089	0.0082177	0.7466	-0.13421	0.06
-0.13271	-0.44327	1.9081	0.0084952	0.74695	-0.13882	0.06
-0.13685	-0.44371	1.9074	0.0087554	0.74728	-0.14314	0.06
-0.14073	-0.44414	1.9067	0.008999	0.7476	-0.14719	0.06
-0.14431	-0.44455	1.906	0.0092234	0.74791	-0.15093	0.06
-0.14763	-0.44493	1.9053	0.009431	0.7482	-0.1544	0.06
-0.15069	-0.4453	1.9047	0.0096225	0.74847	-0.1576	0.06
-0.15345	-0.44563	1.9041	0.0097947	0.74872	-0.16048	0.06
-0.15596	-0.44594	1.9036	0.0099509	0.74895	-0.1631	0.06
-0.1582	-0.44622	1.9031	0.010091	0.74917	-0.16544	0.06
-0.16015	-0.44647	1.9027	0.010212	0.74935	-0.16748	0.06
-0.16185	-0.44669	1.9024	0.010318	0.74952	-0.16925	0.06
-0.16329	-0.44687	1.902	0.010407	0.74966	-0.17075	0.06
-0.16443	-0.44702	1.9018	0.010478	0.74977	-0.17195	0.06
-0.16533	-0.44714	1.9016	0.010533	0.74986	-0.17288	0.06
-0.16595	-0.44723	1.9014	0.010572	0.74992	-0.17353	0.06
-0.16629	-0.44727	1.9014	0.010593	0.74996	-0.17389	0.06
-0.16655	-0.44731	1.9013	0.010609	0.74998	-0.17415	0.06
-0.16689	-0.44735	1.9012	0.01063	0.75002	-0.17451	0.06
-0.16732	-0.44741	1.9011	0.010657	0.75006	-0.17496	0.06
-0.16784	-0.44748	1.901	0.010689	0.75011	-0.1755	0.06
-0.16845	-0.44756	1.9009	0.010727	0.75017	-0.17614	0.06
-0.16913	-0.44765	1.9007	0.010769	0.75024	-0.17685	0.06
-0.16988	-0.44775	1.9005	0.010815	0.75032	-0.17763	0.06
-0.17068	-0.44786	1.9004	0.010865	0.7504	-0.17847	0.06
-0.17152	-0.44798	1.9002	0.010916	0.75049	-0.17934	0.06
-0.17238	-0.4481	1.9	0.01097	0.75058	-0.18024	0.06
-0.17325	-0.44822	1.8998	0.011023	0.75067	-0.18115	0.06
-0.17412	-0.44834	1.8995	0.011077	0.75076	-0.18206	0.06
-0.17497	-0.44846	1.8993	0.01113	0.75085	-0.18295	0.06
-0.17579	-0.44857	1.8991	0.011181	0.75094	-0.1838	0.06
-0.17658	-0.44869	1.899	0.011229	0.75102	-0.18462	0.06
-0.17732	-0.44879	1.8988	0.011275	0.7511	-0.18539	0.06
-0.178	-0.44889	1.8986	0.011316	0.75117	-0.1861	0.06
-0.17864	-0.44898	1.8985	0.011356	0.75124	-0.18677	0.06
-0.17925	-0.44907	1.8983	0.011393	0.75131	-0.1874	0.06
-0.1798	-0.44915	1.8982	0.011427	0.75137	-0.18798	0.06
-0.18029	-0.44922	1.8981	0.011458	0.75142	-0.1885	0.06
-0.1807	-0.44928	1.898	0.011483	0.75147	-0.18892	0.06
-0.18101	-0.44932	1.8979	0.011501	0.7515	-0.18924	0.06
-0.18121	-0.44935	1.8978	0.011514	0.75152	-0.18945	0.06
-0.18129	-0.44936	1.8978	0.011519	0.75153	-0.18954	0.06
-0.18124	-0.44936	1.8978	0.011516	0.75153	-0.18949	0.06
-0.18107	-0.44933	1.8979	0.011506	0.75151	-0.18931	0.06
-0.18076	-0.44929	1.8979	0.011486	0.75148	-0.18898	0.06
-0.1803	-0.44922	1.8981	0.011458	0.75143	-0.18851	0.06
-0.17971	-0.44913	1.8982	0.011422	0.75136	-0.18789	0.06
-0.17897	-0.44903	1.8984	0.011376	0.75128	-0.18711	0.06
-0.17807	-0.4489	1.8986	0.011321	0.75118	-0.18618	0.06
-0.17704	-0.44875	1.8989	0.011257	0.75107	-0.1851	0.06
-0.17584	-0.44858	1.8991	0.011183	0.75094	-0.18385	0.06
-0.1745	-0.44839	1.8995	0.011101	0.7508	-0.18246	0.06
-0.17304	-0.44819	1.8998	0.01101	0.75065	-0.18093	0.06
-0.17142	-0.44796	1.9002	0.01091	0.75048	-0.17924	0.06
-0.16968	-0.44773	1.9006	0.010803	0.7503	-0.17742	0.06
-0.16783	-0.44748	1.901	0.010688	0.75011	-0.17549	0.06
-0.16585	-0.44721	1.9015	0.010566	0.74991	-0.17343	0.06
-0.16379	-0.44694	1.9019	0.010438	0.74971	-0.17128	0.06
-0.16166	-0.44666	1.9024	0.010306	0.7495	-0.16905	0.06
-0.15946	-0.44638	1.9029	0.010169	0.74929	-0.16676	0.06
-0.15723	-0.4461	1.9033	0.01003	0.74907	-0.16443	0.06
-0.15498	-0.44582	1.9038	0.0098902	0.74886	-0.16208	0.06
-0.15276	-0.44555	1.9043	0.0097515	0.74866	-0.15976	0.06
-0.15058	-0.44528	1.9047	0.0096155	0.74846	-0.15748	0.06
-0.14848	-0.44503	1.9052	0.0094846	0.74827	-0.1553	0.06
-0.1465	-0.4448	1.9056	0.0093609	0.7481	-0.15323	0.06
-0.14466	-0.44459	1.9059	0.0092453	0.74794	-0.1513	0.06
-0.14298	-0.44439	1.9062	0.0091403	0.74779	-0.14955	0.06
-0.14148	-0.44422	1.9065	0.0090463	0.74766	-0.14798	0.06
-0.14016	-0.44408	1.9068	0.0089632	0.74755	-0.1466	0.06
-0.13905	-0.44395	1.907	0.0088936	0.74746	-0.14544	0.06
-0.13814	-0.44385	1.9072	0.0088367	0.74739	-0.14449	0.06
-0.13743	-0.44377	1.9073	0.0087921	0.74733	-0.14375	0.06
-0.13696	-0.44372	1.9074	0.0087627	0.74729	-0.14326	0.06
-0.13671	-0.4437	1.9074	0.0087467	0.74727	-0.14299	0.06
-0.13666	-0.44369	1.9074	0.0087439	0.74726	-0.14295	0.06
