0	-0.43633	1.9199	0	0.74176	0	0.03
0	-0.43633	1.9199	0	0.74176	0	0.03
0	-0.43633	1.9199	0	0.74176	0	0.030748
0.00068251	-0.43633	1.9199	-4.4066e-05	0.74177	0.00071435	0.031497
0.0014333	-0.43633	1.9199	-9.2538e-05	0.74177	0.0015001	0.032245
0.002457	-0.43633	1.9199	-0.00015864	0.74177	0.0025716	0.032994
0.0037537	-0.43634	1.9199	-0.00024236	0.74177	0.0039289	0.033742
0.0053234	-0.43634	1.9198	-0.0003437	0.74177	0.0055718	0.03449
0.0071661	-0.43635	1.9198	-0.00046267	0.74178	0.0075004	0.035239
0.0092873	-0.43637	1.9198	-0.00059961	0.74179	0.0097205	0.035987
0.011684	-0.43639	1.9198	-0.00075432	0.7418	0.012229	0.036736
0.014353	-0.43641	1.9197	-0.00092663	0.74182	0.015023	0.037484
0.017295	-0.43645	1.9197	-0.0011165	0.74185	0.018102	0.038232
0.02051	-0.4365	1.9196	-0.001324	0.74189	0.021467	0.038981
0.023997	-0.43656	1.9195	-0.0015489	0.74193	0.025116	0.039729
0.027756	-0.43663	1.9194	-0.0017914	0.74199	0.02905	0.040478
0.03179	-0.43673	1.9192	-0.0020515	0.74206	0.033271	0.041226
0.036074	-0.43684	1.919	-0.0023277	0.74214	0.037756	0.041975
0.040201	-0.43696	1.9188	-0.0025935	0.74224	0.042074	0.042723
0.044056	-0.43709	1.9186	-0.0028418	0.74233	0.046108	0.043472
0.047736	-0.43722	1.9184	-0.0030786	0.74243	0.049959	0.04422
0.051629	-0.43738	1.9181	-0.0033291	0.74254	0.054032	0.044969
0.055792	-0.43755	1.9178	-0.0035968	0.74267	0.058388	0.045717
0.060225	-0.43775	1.9175	-0.0038816	0.74282	0.063027	0.046466
0.064935	-0.43798	1.9171	-0.0041839	0.74299	0.067954	0.047214
0.069913	-0.43825	1.9166	-0.0045033	0.74319	0.073162	0.047963
0.075159	-0.43855	1.9161	-0.0048394	0.74341	0.07865	0.048711
0.080672	-0.43888	1.9156	-0.0051922	0.74367	0.084417	0.04946
0.086451	-0.43926	1.9149	-0.0055615	0.74395	0.090461	0.050208
0.092494	-0.43969	1.9142	-0.0059472	0.74427	0.096782	0.050957
0.098801	-0.44016	1.9134	-0.006349	0.74462	0.10338	0.051705
0.10538	-0.44069	1.9125	-0.006767	0.74502	0.11025	0.052453
0.11214	-0.44127	1.9115	-0.0071965	0.74545	0.11733	0.053202
0.11892	-0.44189	1.9105	-0.0076254	0.74592	0.12441	0.05395
0.12568	-0.44255	1.9094	-0.0080525	0.74641	0.13147	0.054698
0.13243	-0.44324	1.9082	-0.0084779	0.74693	0.13853	0.055446
0.13917	-0.44397	1.907	-0.0089013	0.74747	0.14557	0.056193
0.1459	-0.44473	1.9057	-0.0093228	0.74804	0.15259	0.05694
0.15261	-0.44553	1.9043	-0.0097422	0.74864	0.1596	0.057686
0.15931	-0.44636	1.9029	-0.010159	0.74927	0.1666	0.058427
0.16599	-0.44723	1.9014	-0.010574	0.74993	0.17357	0.058747
0.17266	-0.44814	1.8999	-0.010987	0.75061	0.18054	0.058011
0.17932	-0.44908	1.8983	-0.011398	0.75132	0.18748	0.057268
0.18581	-0.45003	1.8967	-0.011796	0.75204	0.19425	0.056523
0.19202	-0.45098	1.8951	-0.012177	0.75275	0.20073	0.055777
0.19796	-0.45191	1.8935	-0.012539	0.75346	0.20692	0.055032
0.20361	-0.45283	1.8919	-0.012883	0.75416	0.21281	0.054287
0.20899	-0.45373	1.8904	-0.013208	0.75484	0.21842	0.053549
0.2141	-0.45461	1.8889	-0.013517	0.75551	0.22374	0.053804
0.21893	-0.45546	1.8874	-0.013808	0.75615	0.22877	0.054548
0.2235	-0.45629	1.886	-0.014081	0.75678	0.23353	0.055294
0.22779	-0.45708	1.8847	-0.014338	0.75738	0.238	0.056041
0.23182	-0.45784	1.8834	-0.014579	0.75796	0.2422	0.056788
0.23558	-0.45856	1.8821	-0.014802	0.75851	0.24611	0.057535
0.23907	-0.45924	1.881	-0.015009	0.75903	0.24974	0.058282
0.2423	-0.45988	1.8799	-0.0152	0.75952	0.2531	0.059028
0.24526	-0.46047	1.8789	-0.015375	0.75997	0.25618	0.059772
0.24797	-0.46103	1.8779	-0.015534	0.76039	0.25899	0.059997
0.25041	-0.46153	1.8771	-0.015677	0.76078	0.26154	0.059998
0.2526	-0.46198	1.8763	-0.015806	0.76113	0.26381	0.059998
0.25452	-0.46239	1.8756	-0.015918	0.76143	0.26581	0.059999
0.25618	-0.46274	1.875	-0.016015	0.7617	0.26754	0.059999
0.25759	-0.46304	1.8745	-0.016098	0.76193	0.269	0.059999
0.25874	-0.46328	1.8741	-0.016165	0.76212	0.2702	0.06
0.25963	-0.46348	1.8737	-0.016217	0.76227	0.27112	0.06
0.26027	-0.46361	1.8735	-0.016254	0.76237	0.27179	0.059737
0.26065	-0.4637	1.8734	-0.016276	0.76244	0.27219	0.058988
0.26078	-0.46372	1.8733	-0.016284	0.76246	0.27232	0.05824
0.26065	-0.46369	1.8734	-0.016276	0.76244	0.27218	0.057491
0.26026	-0.46361	1.8735	-0.016253	0.76237	0.27177	0.056742
0.25961	-0.46347	1.8737	-0.016216	0.76227	0.2711	0.055993
0.25871	-0.46328	1.8741	-0.016163	0.76212	0.27017	0.055245
0.25756	-0.46303	1.8745	-0.016096	0.76193	0.26897	0.054496
0.25615	-0.46273	1.875	-0.016013	0.7617	0.2675	0.053747
0.25448	-0.46238	1.8756	-0.015916	0.76143	0.26577	0.052998
0.25281	-0.46203	1.8762	-0.015818	0.76116	0.26403	0.05225
0.25139	-0.46173	1.8767	-0.015735	0.76093	0.26255	0.052381
0.25022	-0.46149	1.8771	-0.015667	0.76075	0.26134	0.05313
0.24932	-0.4613	1.8775	-0.015613	0.7606	0.2604	0.053878
0.24867	-0.46117	1.8777	-0.015575	0.7605	0.25972	0.054627
0.24827	-0.46109	1.8778	-0.015552	0.76044	0.25931	0.055376
0.24813	-0.46106	1.8779	-0.015544	0.76042	0.25917	0.056125
0.24826	-0.46108	1.8778	-0.015551	0.76044	0.2593	0.056873
0.24864	-0.46116	1.8777	-0.015573	0.7605	0.25969	0.057622
0.24928	-0.46129	1.8775	-0.015611	0.7606	0.26036	0.058371
0.25017	-0.46148	1.8772	-0.015663	0.76074	0.26129	0.059119
0.25132	-0.46172	1.8768	-0.015731	0.76092	0.26248	0.059868
0.25264	-0.46199	1.8763	-0.015808	0.76113	0.26386	0.059982
0.25374	-0.46222	1.8759	-0.015873	0.76131	0.265	0.059312
0.25459	-0.4624	1.8756	-0.015922	0.76145	0.26588	0.058564
0.25518	-0.46252	1.8754	-0.015957	0.76154	0.26649	0.057815
0.2555	-0.46259	1.8753	-0.015976	0.76159	0.26683	0.057066
0.25558	-0.46261	1.8752	-0.01598	0.76161	0.26691	0.056317
0.2554	-0.46257	1.8753	-0.01597	0.76158	0.26672	0.055569
0.25496	-0.46248	1.8754	-0.015944	0.7615	0.26627	0.05482
0.25426	-0.46233	1.8757	-0.015903	0.76139	0.26555	0.054071
0.25331	-0.46213	1.876	-0.015848	0.76124	0.26456	0.053322
0.2521	-0.46188	1.8765	-0.015777	0.76105	0.2633	0.054065
0.25063	-0.46157	1.877	-0.01569	0.76081	0.26177	0.054813
0.2489	-0.46122	1.8776	-0.015589	0.76054	0.25997	0.055562
0.24691	-0.46081	1.8783	-0.015472	0.76023	0.2579	0.056311
0.24467	-0.46036	1.8791	-0.01534	0.75988	0.25557	0.05706
0.24216	-0.45985	1.8799	-0.015192	0.7595	0.25296	0.057808
0.2394	-0.4593	1.8809	-0.015028	0.75908	0.25008	0.058557
0.23636	-0.45871	1.8819	-0.014849	0.75863	0.24692	0.059306
0.23306	-0.45808	1.883	-0.014653	0.75814	0.24349	0.059982
0.2295	-0.4574	1.8841	-0.01444	0.75763	0.23978	0.06
0.22567	-0.45669	1.8853	-0.014212	0.75709	0.2358	0.06
0.22158	-0.45594	1.8866	-0.013967	0.75652	0.23153	0.059778
0.21722	-0.45516	1.8879	-0.013705	0.75592	0.22699	0.05903
0.21258	-0.45435	1.8893	-0.013426	0.75531	0.22216	0.058281
0.20768	-0.45351	1.8908	-0.013129	0.75467	0.21705	0.057532
0.2025	-0.45265	1.8922	-0.012815	0.75402	0.21165	0.056783
0.19704	-0.45177	1.8937	-0.012483	0.75335	0.20596	0.056034
0.19136	-0.45088	1.8952	-0.012136	0.75268	0.20004	0.055286
0.18585	-0.45004	1.8967	-0.011799	0.75204	0.1943	0.054537
0.1806	-0.44926	1.898	-0.011477	0.75146	0.18882	0.053788
0.1756	-0.44855	1.8992	-0.011169	0.75092	0.1836	0.053644
0.17086	-0.44789	1.9003	-0.010876	0.75042	0.17865	0.054393
0.16638	-0.44728	1.9013	-0.010598	0.74996	0.17398	0.055142
0.16216	-0.44673	1.9023	-0.010337	0.74955	0.16958	0.055891
0.1582	-0.44622	1.9031	-0.010091	0.74917	0.16544	0.056639
0.15451	-0.44576	1.9039	-0.0098605	0.74882	0.16158	0.057388
0.15107	-0.44534	1.9046	-0.0096463	0.7485	0.158	0.058137
0.1479	-0.44496	1.9053	-0.0094483	0.74822	0.15469	0.058886
0.145	-0.44462	1.9058	-0.0092665	0.74797	0.15165	0.059634
0.14236	-0.44432	1.9064	-0.0091014	0.74774	0.1489	0.06
0.13999	-0.44406	1.9068	-0.008953	0.74754	0.14643	0.059927
0.13789	-0.44383	1.9072	-0.0088212	0.74737	0.14423	0.059206
0.13606	-0.44363	1.9075	-0.008706	0.74722	0.14232	0.058457
0.13449	-0.44346	1.9078	-0.0086075	0.74709	0.14068	0.057708
0.13289	-0.44329	1.9081	-0.0085069	0.74696	0.13901	0.05696
0.13102	-0.44309	1.9084	-0.0083892	0.74681	0.13706	0.056211
0.12888	-0.44287	1.9088	-0.0082543	0.74665	0.13482	0.055462
0.12646	-0.44263	1.9092	-0.0081019	0.74647	0.13229	0.054713
0.12378	-0.44236	1.9097	-0.0079324	0.74627	0.12948	0.053964
0.12082	-0.44207	1.9102	-0.0077455	0.74605	0.12639	0.05424
0.11759	-0.44177	1.9107	-0.0075413	0.74582	0.12302	0.054989
0.11409	-0.44145	1.9112	-0.0073196	0.74558	0.11936	0.055738
0.11031	-0.44111	1.9118	-0.0070804	0.74533	0.11541	0.056486
0.10626	-0.44077	1.9124	-0.0068235	0.74507	0.11118	0.057235
0.10193	-0.44041	1.913	-0.0065484	0.74481	0.10665	0.057984
0.097331	-0.44005	1.9136	-0.0062554	0.74454	0.10184	0.058733
0.092453	-0.43969	1.9142	-0.0059446	0.74427	0.096738	0.059482
0.0873	-0.43932	1.9148	-0.0056157	0.74399	0.091349	0.06
0.08187	-0.43896	1.9154	-0.0052688	0.74372	0.08567	0.06
0.076164	-0.43861	1.916	-0.0049037	0.74346	0.079702	0.059392
0.070182	-0.43826	1.9166	-0.0045205	0.7432	0.073444	0.058643
0.063916	-0.43793	1.9172	-0.0041186	0.74296	0.066889	0.057894
0.057371	-0.43762	1.9177	-0.0036983	0.74272	0.060041	0.057145
0.050572	-0.43733	1.9182	-0.0032611	0.74251	0.052926	0.056396
0.043843	-0.43708	1.9186	-0.0028281	0.74232	0.045886	0.055648
0.037384	-0.43688	1.9189	-0.002412	0.74217	0.039126	0.054899
0.031194	-0.43671	1.9192	-0.0020131	0.74205	0.032648	0.05415
0.025274	-0.43658	1.9194	-0.0016313	0.74195	0.026453	0.054048
0.019629	-0.43648	1.9196	-0.0012671	0.74188	0.020545	0.054797
0.014261	-0.43641	1.9197	-0.00092065	0.74182	0.014926	0.055546
0.0091644	-0.43637	1.9198	-0.00059168	0.74179	0.0095919	0.056294
0.0043407	-0.43634	1.9198	-0.00028026	0.74177	0.0045432	0.057043
0	-0.43633	1.9199	0	0.74176	0	0.057792
-0.0044879	-0.43634	1.9198	0.00028976	0.74177	-0.0046973	0.058541
-0.0084926	-0.43636	1.9198	0.0005483	0.74179	-0.0088887	0.05929
-0.012223	-0.43639	1.9198	0.00078911	0.74181	-0.012793	0.059997
-0.015673	-0.43643	1.9197	0.0010118	0.74184	-0.016404	0.059392
-0.018849	-0.43647	1.9196	0.0012168	0.74187	-0.019728	0.058644
-0.021752	-0.43652	1.9196	0.0014041	0.7419	-0.022767	0.057895
-0.024382	-0.43656	1.9195	0.0015738	0.74194	-0.025519	0.057146
-0.026823	-0.43661	1.9194	0.0017312	0.74197	-0.028074	0.056397
-0.029484	-0.43667	1.9193	0.0019029	0.74202	-0.030859	0.055648
-0.032418	-0.43674	1.9192	0.002092	0.74207	-0.033929	0.0549
-0.03563	-0.43683	1.919	0.002299	0.74213	-0.037291	0.054151
-0.039116	-0.43693	1.9189	0.0025236	0.74221	-0.040938	0.053402
-0.042873	-0.43705	1.9186	0.0027656	0.7423	-0.04487	0.052653
-0.046901	-0.43719	1.9184	0.003025	0.74241	-0.049086	0.052971
-0.051201	-0.43736	1.9181	0.0033016	0.74253	-0.053585	0.053719
-0.05577	-0.43755	1.9178	0.0035954	0.74267	-0.058366	0.054468
-0.06061	-0.43777	1.9174	0.0039063	0.74284	-0.063429	0.055217
-0.065722	-0.43802	1.917	0.0042345	0.74302	-0.068778	0.055919
-0.071107	-0.43831	1.9165	0.0045798	0.74324	-0.074411	0.055189
-0.076759	-0.43864	1.916	0.0049418	0.74349	-0.080324	0.05444
-0.082677	-0.43901	1.9153	0.0053204	0.74376	-0.086514	0.053691
-0.088861	-0.43943	1.9146	0.0057154	0.74407	-0.092981	0.052943
-0.095308	-0.4399	1.9138	0.0061265	0.74442	-0.099724	0.052194
-0.10202	-0.44042	1.913	0.0065536	0.74481	-0.10674	0.051445
-0.10863	-0.44097	1.912	0.0069734	0.74522	-0.11365	0.050696
-0.11495	-0.44153	1.9111	0.0073742	0.74564	-0.12026	0.049947
-0.12099	-0.44209	1.9101	0.0077566	0.74606	-0.12657	0.049198
-0.12676	-0.44266	1.9092	0.0081206	0.74649	-0.1326	0.04845
-0.13225	-0.44322	1.9082	0.0084664	0.74691	-0.13834	0.047701
-0.13746	-0.44378	1.9073	0.0087942	0.74733	-0.14378	0.047938
-0.1424	-0.44433	1.9064	0.009104	0.74774	-0.14894	0.048033
-0.14707	-0.44487	1.9054	0.0093961	0.74815	-0.15382	0.048096
-0.15145	-0.44539	1.9046	0.00967	0.74854	-0.15839	0.048127
-0.15556	-0.44589	1.9037	0.0099264	0.74892	-0.16269	0.048135
-0.1594	-0.44637	1.9029	0.010165	0.74928	-0.1667	0.048146
-0.16297	-0.44683	1.9021	0.010387	0.74963	-0.17042	0.048195
-0.16627	-0.44727	1.9014	0.010592	0.74995	-0.17387	0.048308
-0.1693	-0.44768	1.9007	0.010779	0.75026	-0.17703	0.048482
-0.17206	-0.44805	1.9	0.01095	0.75055	-0.17991	0.0487
-0.17455	-0.4484	1.8994	0.011104	0.75081	-0.18251	0.048942
-0.17678	-0.44871	1.8989	0.011241	0.75104	-0.18483	0.049192
-0.17873	-0.44899	1.8984	0.011361	0.75125	-0.18687	0.049442
-0.18042	-0.44924	1.898	0.011465	0.75144	-0.18863	0.049686
-0.18184	-0.44944	1.8977	0.011553	0.75159	-0.19011	0.049921
-0.183	-0.44961	1.8974	0.011624	0.75172	-0.19132	0.050144
-0.18389	-0.44975	1.8972	0.011679	0.75182	-0.19225	0.050354
-0.18452	-0.44984	1.897	0.011717	0.75189	-0.19291	0.050552
-0.18488	-0.44989	1.8969	0.011739	0.75193	-0.19328	0.050738
-0.18497	-0.44991	1.8969	0.011745	0.75194	-0.19338	0.050915
-0.1848	-0.44988	1.8969	0.011735	0.75192	-0.1932	0.051087
-0.18437	-0.44982	1.897	0.011708	0.75188	-0.19275	0.051257
-0.18367	-0.44971	1.8972	0.011665	0.7518	-0.19202	0.05143
-0.18271	-0.44957	1.8975	0.011606	0.75169	-0.19102	0.051607
-0.18149	-0.44939	1.8978	0.011531	0.75156	-0.18974	0.051792
-0.17999	-0.44917	1.8981	0.011439	0.75139	-0.18818	0.051984
-0.17822	-0.44892	1.8986	0.01133	0.7512	-0.18634	0.052184
-0.17619	-0.44863	1.8991	0.011205	0.75098	-0.18422	0.05239
-0.1739	-0.44831	1.8996	0.011064	0.75074	-0.18182	0.0526
-0.17133	-0.44795	1.9002	0.010905	0.75047	-0.17915	0.052812
-0.1685	-0.44757	1.9009	0.01073	0.75018	-0.1762	0.053023
-0.1654	-0.44715	1.9016	0.010538	0.74987	-0.17296	0.053229
-0.16203	-0.44671	1.9023	0.010329	0.74953	-0.16944	0.053425
-0.15852	-0.44626	1.9031	0.01011	0.7492	-0.16577	0.053607
-0.15524	-0.44585	1.9038	0.0099061	0.74889	-0.16235	0.053769
-0.15222	-0.44548	1.9044	0.0097181	0.74861	-0.1592	0.053906
-0.14947	-0.44515	1.905	0.0095463	0.74836	-0.15633	0.054012
-0.14698	-0.44486	1.9055	0.0093909	0.74814	-0.15373	0.054088
-0.14476	-0.4446	1.9059	0.0092519	0.74794	-0.15141	0.054132
-0.14281	-0.44437	1.9063	0.0091296	0.74778	-0.14937	0.054148
-0.14113	-0.44418	1.9066	0.0090243	0.74763	-0.14761	0.054142
-0.13972	-0.44403	1.9069	0.0089356	0.74752	-0.14614	0.054122
-0.13857	-0.4439	1.9071	0.0088637	0.74742	-0.14494	0.054093
-0.13769	-0.4438	1.9072	0.0088085	0.74735	-0.14402	0.054063
-0.13708	-0.44374	1.9074	0.0087702	0.7473	-0.14339	0.054036
-0.13674	-0.4437	1.9074	0.0087486	0.74727	-0.14303	0.054017
-0.13666	-0.44369	1.9074	0.0087439	0.74726	-0.14295	0.054009
