0	-0.43633	1.9199	0	0.74176	0	0.06
0	-0.43633	1.9199	0	0.74176	0	0.06
0	-0.43633	1.9199	0	0.74176	0	0.06
0.00054596	-0.43633	1.9199	-3.525e-05	0.74177	0.00057143	0.06
0.0011579	-0.43633	1.9199	-7.4758e-05	0.74177	0.0012119	0.06
0.0019786	-0.43633	1.9199	-0.00012775	0.74177	0.0020709	0.06
0.0030208	-0.43634	1.9199	-0.00019504	0.74177	0.0031618	0.06
0.004263	-0.43634	1.9199	-0.00027524	0.74177	0.0044619	0.06
0.0057167	-0.43635	1.9198	-0.00036909	0.74177	0.0059833	0.06
0.0073603	-0.43635	1.9198	-0.0004752	0.74178	0.0077037	0.06
0.009204	-0.43637	1.9198	-0.00059423	0.74179	0.0096333	0.06
0.011227	-0.43638	1.9198	-0.0007248	0.7418	0.01175	0.06
0.013436	-0.4364	1.9197	-0.00086745	0.74182	0.014063	0.06
0.015813	-0.43643	1.9197	-0.0010208	0.74184	0.016551	0.06
0.018363	-0.43646	1.9196	-0.0011854	0.74186	0.019219	0.06
0.021066	-0.43651	1.9196	-0.0013598	0.74189	0.022048	0.06
0.023927	-0.43656	1.9195	-0.0015444	0.74193	0.025042	0.06
0.026926	-0.43662	1.9194	-0.0017379	0.74198	0.028181	0.06
0.030067	-0.43669	1.9193	-0.0019404	0.74203	0.031469	0.06
0.033331	-0.43677	1.9191	-0.0021509	0.74209	0.034885	0.06
0.03672	-0.43686	1.919	-0.0023693	0.74216	0.038432	0.06
0.040216	-0.43696	1.9188	-0.0025945	0.74224	0.04209	0.06
0.04382	-0.43708	1.9186	-0.0028266	0.74232	0.045861	0.06
0.047514	-0.43722	1.9184	-0.0030644	0.74242	0.049727	0.06
0.051298	-0.43736	1.9181	-0.0033078	0.74253	0.053686	0.06
0.055157	-0.43752	1.9179	-0.0035559	0.74265	0.057724	0.06
0.059088	-0.4377	1.9176	-0.0038086	0.74278	0.061838	0.06
0.063079	-0.43789	1.9172	-0.0040649	0.74293	0.066013	0.06
0.067126	-0.4381	1.9169	-0.0043245	0.74308	0.070247	0.06
0.071216	-0.43832	1.9165	-0.0045868	0.74325	0.074526	0.06
0.075347	-0.43856	1.9161	-0.0048514	0.74342	0.078847	0.06
0.079506	-0.43881	1.9157	-0.0051176	0.74361	0.083197	0.06
0.08369	-0.43908	1.9152	-0.0053851	0.74381	0.087573	0.06
0.087889	-0.43936	1.9148	-0.0056533	0.74402	0.091965	0.06
0.092098	-0.43966	1.9142	-0.0059219	0.74425	0.096367	0.06
0.09631	-0.43997	1.9137	-0.0061904	0.74448	0.10077	0.06
0.10052	-0.4403	1.9132	-0.0064583	0.74472	0.10517	0.06
0.10472	-0.44064	1.9126	-0.0067255	0.74498	0.10957	0.06
0.10891	-0.44099	1.912	-0.0069914	0.74524	0.11394	0.06
0.11308	-0.44136	1.9114	-0.0072559	0.74552	0.11831	0.06
0.11723	-0.44174	1.9107	-0.0075187	0.7458	0.12264	0.06
0.12136	-0.44213	1.9101	-0.0077796	0.74609	0.12696	0.06
0.12546	-0.44253	1.9094	-0.0080384	0.74639	0.13124	0.06
0.12953	-0.44294	1.9087	-0.008295	0.7467	0.13549	0.06
0.13356	-0.44336	1.908	-0.0085491	0.74701	0.13971	0.06
0.13757	-0.44379	1.9073	-0.0088008	0.74734	0.14389	0.06
0.14154	-0.44423	1.9065	-0.0090498	0.74767	0.14804	0.06
0.14547	-0.44468	1.9058	-0.0092962	0.74801	0.15215	0.06
0.14937	-0.44514	1.905	-0.0095399	0.74835	0.15622	0.06
0.15323	-0.4456	1.9042	-0.0097808	0.7487	0.16025	0.06
0.15705	-0.44608	1.9034	-0.010019	0.74906	0.16424	0.06
0.16083	-0.44656	1.9026	-0.010254	0.74942	0.16819	0.06
0.16457	-0.44704	1.9017	-0.010486	0.74978	0.17209	0.06
0.16828	-0.44754	1.9009	-0.010716	0.75016	0.17596	0.06
0.17194	-0.44804	1.9001	-0.010942	0.75053	0.17978	0.06
0.17556	-0.44854	1.8992	-0.011166	0.75091	0.18356	0.06
0.17914	-0.44905	1.8983	-0.011387	0.7513	0.1873	0.06
0.18269	-0.44957	1.8975	-0.011605	0.75169	0.191	0.06
0.18619	-0.45009	1.8966	-0.01182	0.75208	0.19465	0.06
0.18965	-0.45061	1.8957	-0.012032	0.75248	0.19826	0.06
0.19307	-0.45114	1.8948	-0.012241	0.75288	0.20183	0.06
0.19645	-0.45167	1.8939	-0.012447	0.75328	0.20535	0.06
0.19979	-0.45221	1.893	-0.012651	0.75368	0.20883	0.06
0.20309	-0.45275	1.8921	-0.012851	0.75409	0.21227	0.06
0.20635	-0.45329	1.8911	-0.013049	0.7545	0.21567	0.06
0.20957	-0.45383	1.8902	-0.013244	0.75492	0.21902	0.06
0.21275	-0.45438	1.8893	-0.013436	0.75533	0.22234	0.06
0.21589	-0.45493	1.8883	-0.013625	0.75575	0.22561	0.06
0.21899	-0.45547	1.8874	-0.013811	0.75616	0.22884	0.06
0.22205	-0.45603	1.8865	-0.013995	0.75658	0.23202	0.06
0.22507	-0.45658	1.8855	-0.014176	0.757	0.23517	0.06
0.22806	-0.45713	1.8846	-0.014354	0.75742	0.23828	0.06
0.231	-0.45768	1.8836	-0.01453	0.75784	0.24134	0.06
0.23391	-0.45824	1.8827	-0.014703	0.75827	0.24437	0.06
0.23678	-0.45879	1.8818	-0.014873	0.75869	0.24736	0.06
0.23961	-0.45935	1.8808	-0.015041	0.75911	0.2503	0.06
0.24241	-0.4599	1.8799	-0.015206	0.75953	0.25321	0.06
0.24517	-0.46046	1.8789	-0.015369	0.75996	0.25609	0.06
0.2479	-0.46101	1.878	-0.01553	0.76038	0.25893	0.06
0.2506	-0.46157	1.877	-0.015688	0.76081	0.26173	0.06
0.25326	-0.46212	1.8761	-0.015845	0.76123	0.2645	0.06
0.25589	-0.46268	1.8751	-0.015998	0.76166	0.26724	0.06
0.25849	-0.46323	1.8742	-0.01615	0.76208	0.26994	0.06
0.26107	-0.46379	1.8732	-0.0163	0.76251	0.27262	0.06
0.26361	-0.46434	1.8723	-0.016448	0.76293	0.27526	0.06
0.26613	-0.46489	1.8713	-0.016594	0.76336	0.27787	0.06
0.26862	-0.46545	1.8704	-0.016738	0.76378	0.28046	0.06
0.27108	-0.466	1.8694	-0.01688	0.76421	0.28302	0.06
0.27352	-0.46656	1.8685	-0.017021	0.76463	0.28556	0.06
0.27594	-0.46711	1.8675	-0.01716	0.76506	0.28807	0.06
0.27833	-0.46767	1.8666	-0.017297	0.76549	0.29055	0.06
0.2807	-0.46822	1.8656	-0.017433	0.76592	0.29301	0.06
0.28304	-0.46878	1.8646	-0.017567	0.76634	0.29544	0.06
0.28536	-0.46933	1.8637	-0.017699	0.76677	0.29785	0.06
0.28765	-0.46989	1.8627	-0.017829	0.7672	0.30023	0.06
0.28992	-0.47044	1.8618	-0.017958	0.76762	0.30259	0.06
0.29217	-0.47099	1.8609	-0.018085	0.76805	0.30491	0.06
0.29438	-0.47154	1.8599	-0.01821	0.76847	0.30721	0.06
0.29656	-0.47208	1.859	-0.018333	0.76889	0.30947	0.06
0.29872	-0.47262	1.858	-0.018454	0.76931	0.31171	0.06
0.30083	-0.47316	1.8571	-0.018573	0.76973	0.3139	0.06
0.30292	-0.4737	1.8562	-0.01869	0.77014	0.31606	0.06
0.30496	-0.47422	1.8553	-0.018804	0.77055	0.31818	0.06
0.30695	-0.47474	1.8544	-0.018915	0.77095	0.32025	0.06
0.3089	-0.47525	1.8535	-0.019024	0.77135	0.32227	0.06
0.3108	-0.47575	1.8526	-0.01913	0.77174	0.32424	0.06
0.31264	-0.47624	1.8518	-0.019232	0.77212	0.32614	0.06
0.31443	-0.47672	1.851	-0.019331	0.77249	0.32799	0.06
0.31614	-0.47719	1.8502	-0.019425	0.77285	0.32977	0.06
0.31779	-0.47763	1.8494	-0.019516	0.77319	0.33148	0.06
0.31937	-0.47806	1.8487	-0.019603	0.77353	0.33311	0.06
0.32086	-0.47847	1.848	-0.019685	0.77385	0.33465	0.06
0.32226	-0.47886	1.8473	-0.019762	0.77415	0.33611	0.06
0.32357	-0.47922	1.8467	-0.019834	0.77443	0.33746	0.06
0.32478	-0.47956	1.8461	-0.0199	0.77469	0.33872	0.06
0.32589	-0.47987	1.8456	-0.01996	0.77493	0.33986	0.06
0.32688	-0.48015	1.8451	-0.020014	0.77515	0.34088	0.06
0.32775	-0.48039	1.8446	-0.020062	0.77534	0.34179	0.06
0.32849	-0.4806	1.8443	-0.020102	0.7755	0.34255	0.06
0.3291	-0.48077	1.844	-0.020135	0.77564	0.34318	0.06
0.32956	-0.4809	1.8438	-0.02016	0.77574	0.34366	0.06
0.32987	-0.48099	1.8436	-0.020178	0.77581	0.34398	0.06
0.33002	-0.48104	1.8435	-0.020186	0.77584	0.34414	0.06
0.33002	-0.48104	1.8435	-0.020185	0.77584	0.34413	0.06
0.32983	-0.48098	1.8436	-0.020175	0.7758	0.34394	0.06
0.32947	-0.48088	1.8438	-0.020155	0.77572	0.34356	0.06
0.32891	-0.48072	1.8441	-0.020125	0.7756	0.34298	0.06
0.32816	-0.48051	1.8444	-0.020084	0.77543	0.34221	0.06
0.32719	-0.48024	1.8449	-0.020032	0.77522	0.34121	0.06
0.32603	-0.47991	1.8455	-0.019968	0.77496	0.34	0.06
0.32463	-0.47952	1.8462	-0.019892	0.77466	0.33856	0.06
0.32301	-0.47907	1.8469	-0.019803	0.77431	0.33688	0.06
0.32115	-0.47855	1.8478	-0.019701	0.77391	0.33496	0.06
0.31906	-0.47798	1.8488	-0.019586	0.77346	0.33279	0.06
0.3167	-0.47734	1.8499	-0.019456	0.77296	0.33035	0.06
0.31411	-0.47664	1.8511	-0.019313	0.77242	0.32766	0.06
0.31126	-0.47587	1.8524	-0.019155	0.77183	0.32471	0.06
0.30816	-0.47506	1.8539	-0.018983	0.77119	0.32149	0.06
0.30479	-0.47418	1.8554	-0.018795	0.77051	0.31801	0.06
0.30118	-0.47325	1.857	-0.018593	0.7698	0.31426	0.06
0.2973	-0.47227	1.8587	-0.018375	0.76903	0.31024	0.06
0.29317	-0.47124	1.8604	-0.018142	0.76824	0.30596	0.06
0.28877	-0.47016	1.8623	-0.017893	0.76741	0.30139	0.06
0.28414	-0.46904	1.8642	-0.017629	0.76654	0.29658	0.06
0.27926	-0.46789	1.8662	-0.017351	0.76566	0.29152	0.06
0.2742	-0.46672	1.8682	-0.01706	0.76475	0.28626	0.06
0.26898	-0.46553	1.8702	-0.016759	0.76384	0.28084	0.06
0.26365	-0.46435	1.8722	-0.01645	0.76294	0.2753	0.06
0.25826	-0.46318	1.8742	-0.016137	0.76204	0.2697	0.06
0.25289	-0.46204	1.8762	-0.015823	0.76117	0.26412	0.06
0.24761	-0.46095	1.8781	-0.015513	0.76034	0.25863	0.06
0.24249	-0.45992	1.8798	-0.015211	0.75955	0.2533	0.06
0.23761	-0.45895	1.8815	-0.014923	0.75881	0.24822	0.06
0.23297	-0.45806	1.883	-0.014647	0.75813	0.24339	0.06
0.22858	-0.45723	1.8844	-0.014386	0.7575	0.23883	0.06
0.22444	-0.45646	1.8857	-0.014138	0.75691	0.23451	0.06
0.22056	-0.45576	1.8869	-0.013906	0.75638	0.23047	0.06
0.21693	-0.45511	1.888	-0.013687	0.75588	0.22669	0.06
0.21356	-0.45452	1.889	-0.013484	0.75544	0.22318	0.06
0.21044	-0.45398	1.89	-0.013296	0.75503	0.21993	0.06
0.20759	-0.4535	1.8908	-0.013124	0.75466	0.21696	0.06
0.20499	-0.45306	1.8915	-0.012966	0.75433	0.21425	0.06
0.20266	-0.45268	1.8922	-0.012825	0.75404	0.21182	0.06
0.20058	-0.45234	1.8928	-0.012699	0.75378	0.20966	0.06
0.19878	-0.45204	1.8933	-0.012589	0.75356	0.20777	0.06
0.19722	-0.4518	1.8937	-0.012494	0.75337	0.20616	0.06
0.19595	-0.45159	1.894	-0.012416	0.75322	0.20482	0.06
0.19492	-0.45143	1.8943	-0.012354	0.7531	0.20375	0.06
0.19417	-0.45131	1.8945	-0.012308	0.75301	0.20297	0.06
0.19367	-0.45124	1.8946	-0.012278	0.75295	0.20245	0.06
0.19345	-0.4512	1.8947	-0.012264	0.75292	0.20222	0.06
0.19349	-0.45121	1.8947	-0.012266	0.75293	0.20226	0.06
0.19379	-0.45125	1.8946	-0.012285	0.75296	0.20258	0.06
0.19436	-0.45134	1.8944	-0.012319	0.75303	0.20316	0.06
0.19519	-0.45147	1.8942	-0.01237	0.75313	0.20404	0.06
0.19628	-0.45165	1.8939	-0.012437	0.75326	0.20517	0.06
0.19765	-0.45186	1.8936	-0.01252	0.75342	0.2066	0.06
0.19919	-0.45211	1.8931	-0.012614	0.75361	0.2082	0.06
0.20059	-0.45234	1.8928	-0.012699	0.75378	0.20966	0.06
0.20174	-0.45253	1.8924	-0.012769	0.75392	0.21086	0.06
0.20262	-0.45267	1.8922	-0.012822	0.75403	0.21178	0.06
0.20324	-0.45277	1.892	-0.01286	0.75411	0.21243	0.06
0.20359	-0.45283	1.8919	-0.012881	0.75415	0.21279	0.06
0.20368	-0.45284	1.8919	-0.012887	0.75417	0.21289	0.06
0.20351	-0.45282	1.8919	-0.012876	0.75414	0.2127	0.06
0.20307	-0.45274	1.8921	-0.01285	0.75409	0.21225	0.06
0.20237	-0.45263	1.8923	-0.012807	0.754	0.21152	0.06
0.20141	-0.45247	1.8925	-0.012749	0.75388	0.21052	0.06
0.20017	-0.45227	1.8929	-0.012674	0.75373	0.20923	0.06
0.19868	-0.45203	1.8933	-0.012583	0.75355	0.20768	0.06
0.19692	-0.45175	1.8938	-0.012476	0.75334	0.20584	0.06
0.1949	-0.45143	1.8943	-0.012352	0.75309	0.20373	0.06
0.1926	-0.45107	1.8949	-0.012212	0.75282	0.20133	0.06
0.19005	-0.45067	1.8956	-0.012056	0.75252	0.19867	0.06
0.18721	-0.45024	1.8963	-0.011882	0.7522	0.19571	0.06
0.18412	-0.44978	1.8971	-0.011693	0.75185	0.19249	0.06
0.18075	-0.44928	1.8979	-0.011486	0.75147	0.18897	0.06
0.17712	-0.44876	1.8988	-0.011262	0.75108	0.18519	0.06
0.1732	-0.44821	1.8998	-0.011021	0.75066	0.1811	0.06
0.16903	-0.44764	1.9007	-0.010763	0.75023	0.17674	0.06
0.16457	-0.44704	1.9017	-0.010486	0.74978	0.17209	0.06
0.15985	-0.44643	1.9028	-0.010193	0.74932	0.16716	0.06
0.15484	-0.4458	1.9039	-0.0098811	0.74885	0.16193	0.06
0.14956	-0.44516	1.9049	-0.0095519	0.74837	0.15642	0.06
0.14402	-0.44451	1.906	-0.0092053	0.74788	0.15063	0.06
0.13857	-0.4439	1.9071	-0.0088635	0.74742	0.14494	0.06
0.13339	-0.44334	1.908	-0.0085379	0.747	0.13952	0.06
0.12846	-0.44283	1.9089	-0.0082277	0.74662	0.13438	0.06
0.1238	-0.44236	1.9097	-0.0079342	0.74627	0.12951	0.06
0.11941	-0.44194	1.9104	-0.0076564	0.74595	0.12492	0.06
0.11529	-0.44156	1.911	-0.0073957	0.74566	0.12061	0.06
0.11142	-0.44121	1.9116	-0.0071509	0.74541	0.11657	0.06
0.10784	-0.4409	1.9122	-0.0069235	0.74517	0.11283	0.06
0.10451	-0.44062	1.9126	-0.0067123	0.74497	0.10935	0.06
0.10147	-0.44037	1.913	-0.0065187	0.74478	0.10617	0.06
0.098684	-0.44015	1.9134	-0.0063415	0.74462	0.10325	0.06
0.096181	-0.43996	1.9137	-0.0061821	0.74447	0.10064	0.06
0.093938	-0.43979	1.914	-0.0060392	0.74435	0.098291	0.06
0.091977	-0.43965	1.9143	-0.0059142	0.74424	0.096241	0.06
0.090278	-0.43953	1.9145	-0.0058058	0.74415	0.094464	0.06
0.088863	-0.43943	1.9146	-0.0057155	0.74407	0.092983	0.06
0.087708	-0.43935	1.9148	-0.0056418	0.74401	0.091776	0.06
0.086838	-0.43929	1.9149	-0.0055862	0.74397	0.090866	0.06
0.086229	-0.43925	1.9149	-0.0055474	0.74394	0.09023	0.06
0.085905	-0.43923	1.915	-0.0055266	0.74392	0.08989	0.06
0.085842	-0.43922	1.915	-0.0055226	0.74392	0.089825	0.06
0.086064	-0.43924	1.915	-0.0055368	0.74393	0.090056	0.06
0.086547	-0.43927	1.9149	-0.0055677	0.74395	0.090562	0.06
0.087314	-0.43932	1.9148	-0.0056166	0.74399	0.091364	0.06
0.088343	-0.43939	1.9147	-0.0056823	0.74405	0.09244	0.06
0.089656	-0.43948	1.9145	-0.0057661	0.74412	0.093813	0.06
0.090981	-0.43958	1.9144	-0.0058507	0.74419	0.095199	0.06
0.092025	-0.43965	1.9143	-0.0059173	0.74424	0.096291	0.06
0.092808	-0.43971	1.9142	-0.0059672	0.74428	0.097109	0.06
0.093307	-0.43975	1.9141	-0.005999	0.74431	0.097631	0.06
0.093544	-0.43977	1.9141	-0.0060141	0.74432	0.097879	0.06
0.093497	-0.43976	1.9141	-0.0060111	0.74432	0.09783	0.06
0.093189	-0.43974	1.9141	-0.0059915	0.74431	0.097508	0.06
0.092597	-0.4397	1.9142	-0.0059538	0.74427	0.096889	0.06
0.091744	-0.43963	1.9143	-0.0058993	0.74423	0.095997	0.06
0.090606	-0.43955	1.9144	-0.0058268	0.74417	0.094807	0.06
0.089207	-0.43945	1.9146	-0.0057375	0.74409	0.093343	0.06
0.087523	-0.43934	1.9148	-0.00563	0.744	0.091582	0.06
0.085576	-0.4392	1.915	-0.0055057	0.74391	0.089546	0.06
0.083345	-0.43906	1.9153	-0.0053631	0.74379	0.087213	0.06
0.080851	-0.43889	1.9155	-0.0052036	0.74367	0.084604	0.06
0.078071	-0.43872	1.9158	-0.0050258	0.74354	0.081697	0.06
0.075028	-0.43854	1.9161	-0.004831	0.74341	0.078513	0.06
0.071698	-0.43835	1.9165	-0.0046177	0.74327	0.07503	0.06
0.068105	-0.43815	1.9168	-0.0043873	0.74312	0.071271	0.06
0.064224	-0.43795	1.9171	-0.0041384	0.74297	0.067211	0.06
0.060079	-0.43775	1.9175	-0.0038722	0.74282	0.062874	0.06
0.055647	-0.43754	1.9178	-0.0035874	0.74267	0.058236	0.06
0.050948	-0.43735	1.9181	-0.0032853	0.74252	0.053321	0.06
0.045963	-0.43716	1.9185	-0.0029645	0.74238	0.048103	0.06
0.040711	-0.43698	1.9188	-0.0026264	0.74225	0.042608	0.06
0.035171	-0.43682	1.919	-0.0022695	0.74213	0.036811	0.06
0.029486	-0.43667	1.9193	-0.001903	0.74202	0.030861	0.06
0.024049	-0.43656	1.9195	-0.0015523	0.74193	0.02517	0.06
0.018874	-0.43647	1.9196	-0.0012184	0.74187	0.019755	0.06
0.013985	-0.43641	1.9197	-0.00090283	0.74182	0.014637	0.06
0.0093583	-0.43637	1.9198	-0.00060419	0.74179	0.0097948	0.06
0.0050176	-0.43634	1.9198	-0.00032395	0.74177	0.0052516	0.06
0.00094071	-0.43633	1.9199	-6.0737e-05	0.74177	0.0009846	0.06
-0.0028501	-0.43634	1.9199	0.00018402	0.74177	-0.0029831	0.06
-0.0063769	-0.43635	1.9198	0.00041171	0.74178	-0.0066744	0.06
-0.0096175	-0.43637	1.9198	0.00062092	0.74179	-0.010066	0.06
-0.012594	-0.43639	1.9198	0.00081306	0.74181	-0.013181	0.06
-0.015284	-0.43642	1.9197	0.0009867	0.74183	-0.015997	0.06
-0.01771	-0.43645	1.9197	0.0011433	0.74186	-0.018536	0.06
-0.01985	-0.43649	1.9196	0.0012814	0.74188	-0.020776	0.06
-0.021726	-0.43652	1.9196	0.0014024	0.7419	-0.022739	0.06
-0.023315	-0.43654	1.9195	0.001505	0.74192	-0.024403	0.06
-0.024641	-0.43657	1.9195	0.0015905	0.74194	-0.02579	0.06
-0.025681	-0.43659	1.9194	0.0016576	0.74196	-0.026878	0.06
-0.026457	-0.43661	1.9194	0.0017076	0.74197	-0.02769	0.06
-0.026947	-0.43662	1.9194	0.0017392	0.74198	-0.028203	0.06
-0.027173	-0.43662	1.9194	0.0017538	0.74198	-0.02844	0.06
-0.027113	-0.43662	1.9194	0.00175	0.74198	-0.028378	0.06
-0.02679	-0.43661	1.9194	0.0017291	0.74197	-0.028039	0.06
-0.026181	-0.4366	1.9194	0.0016898	0.74196	-0.027401	0.06
-0.025307	-0.43658	1.9194	0.0016335	0.74195	-0.026487	0.06
-0.024148	-0.43656	1.9195	0.0015587	0.74193	-0.025274	0.06
-0.022916	-0.43654	1.9195	0.0014792	0.74192	-0.023985	0.06
-0.021952	-0.43652	1.9195	0.001417	0.74191	-0.022976	0.06
-0.021252	-0.43651	1.9196	0.0013718	0.7419	-0.022243	0.06
-0.020838	-0.4365	1.9196	0.0013451	0.74189	-0.021809	0.06
-0.020687	-0.4365	1.9196	0.0013354	0.74189	-0.021652	0.06
-0.020822	-0.4365	1.9196	0.0013441	0.74189	-0.021793	0.06
-0.021222	-0.43651	1.9196	0.0013699	0.7419	-0.022211	0.06
-0.021907	-0.43652	1.9195	0.0014141	0.7419	-0.022929	0.06
-0.022856	-0.43654	1.9195	0.0014753	0.74192	-0.023922	0.06
-0.024091	-0.43656	1.9195	0.001555	0.74193	-0.025214	0.06
-0.02559	-0.43659	1.9194	0.0016517	0.74196	-0.026783	0.06
-0.027374	-0.43663	1.9194	0.0017668	0.74198	-0.028651	0.06
-0.029422	-0.43667	1.9193	0.0018989	0.74202	-0.030794	0.06
-0.031756	-0.43673	1.9192	0.0020493	0.74206	-0.033236	0.06
-0.034353	-0.43679	1.9191	0.0022167	0.74211	-0.035954	0.06
-0.037235	-0.43687	1.9189	0.0024025	0.74217	-0.03897	0.06
-0.04038	-0.43697	1.9188	0.0026051	0.74224	-0.042262	0.06
-0.04381	-0.43708	1.9186	0.002826	0.74232	-0.045851	0.06
-0.047502	-0.43722	1.9184	0.0030636	0.74242	-0.049715	0.06
-0.051479	-0.43737	1.9181	0.0033195	0.74254	-0.053875	0.06
-0.055716	-0.43755	1.9178	0.0035919	0.74267	-0.05831	0.06
-0.060237	-0.43775	1.9175	0.0038824	0.74282	-0.06304	0.06
-0.065019	-0.43799	1.9171	0.0041893	0.743	-0.068042	0.06
-0.070082	-0.43826	1.9166	0.0045141	0.7432	-0.073339	0.06
-0.075404	-0.43856	1.9161	0.004855	0.74342	-0.078906	0.06
-0.081005	-0.4389	1.9155	0.0052135	0.74368	-0.084766	0.06
-0.086602	-0.43927	1.9149	0.0055712	0.74396	-0.090619	0.06
-0.09191	-0.43965	1.9143	0.0059099	0.74424	-0.09617	0.06
-0.096951	-0.44002	1.9136	0.0062312	0.74452	-0.10144	0.06
-0.1017	-0.44039	1.913	0.0065337	0.74479	-0.10641	0.06
-0.10619	-0.44076	1.9124	0.0068188	0.74507	-0.1111	0.06
-0.11039	-0.44112	1.9118	0.0070854	0.74534	-0.11549	0.06
-0.11433	-0.44147	1.9112	0.0073349	0.7456	-0.11961	0.06
-0.11798	-0.44181	1.9106	0.007566	0.74585	-0.12342	0.06
-0.12136	-0.44213	1.9101	0.0077801	0.74609	-0.12696	0.06
-0.12447	-0.44243	1.9096	0.007976	0.74632	-0.13021	0.06
-0.12731	-0.44271	1.9091	0.0081552	0.74653	-0.13317	0.06
-0.12986	-0.44297	1.9086	0.0083163	0.74673	-0.13585	0.06
-0.13216	-0.44321	1.9082	0.0084609	0.7469	-0.13824	0.06
-0.13422	-0.44343	1.9079	0.0085902	0.74707	-0.14039	0.06
-0.13608	-0.44363	1.9075	0.0087071	0.74722	-0.14234	0.06
-0.13774	-0.44381	1.9072	0.0088114	0.74735	-0.14407	0.06
-0.13923	-0.44397	1.907	0.008905	0.74748	-0.14563	0.06
-0.14056	-0.44412	1.9067	0.0089885	0.74759	-0.14702	0.06
-0.14177	-0.44426	1.9065	0.0090644	0.74769	-0.14828	0.06
-0.14289	-0.44438	1.9063	0.0091346	0.74778	-0.14945	0.06
-0.14396	-0.44451	1.906	0.0092018	0.74788	-0.15057	0.06
-0.14503	-0.44463	1.9058	0.0092685	0.74797	-0.15169	0.06
-0.14612	-0.44475	1.9056	0.0093367	0.74806	-0.15282	0.06
-0.14726	-0.44489	1.9054	0.0094079	0.74816	-0.15401	0.06
-0.14845	-0.44503	1.9052	0.0094824	0.74827	-0.15526	0.06
-0.14969	-0.44518	1.9049	0.0095603	0.74838	-0.15656	0.06
-0.15098	-0.44533	1.9047	0.0096405	0.7485	-0.1579	0.06
-0.15229	-0.44549	1.9044	0.0097224	0.74861	-0.15927	0.06
-0.15361	-0.44565	1.9041	0.009805	0.74874	-0.16065	0.06
-0.15493	-0.44581	1.9038	0.0098872	0.74886	-0.16203	0.06
-0.15624	-0.44598	1.9036	0.0099686	0.74898	-0.1634	0.06
-0.15752	-0.44614	1.9033	0.010048	0.7491	-0.16473	0.06
-0.15878	-0.44629	1.903	0.010127	0.74922	-0.16604	0.06
-0.16	-0.44645	1.9028	0.010202	0.74934	-0.16732	0.06
-0.16118	-0.4466	1.9025	0.010276	0.74945	-0.16855	0.06
-0.16232	-0.44675	1.9022	0.010347	0.74956	-0.16974	0.06
-0.16342	-0.44689	1.902	0.010415	0.74967	-0.17089	0.06
-0.16448	-0.44703	1.9018	0.010481	0.74977	-0.17199	0.06
-0.16549	-0.44716	1.9015	0.010543	0.74988	-0.17305	0.06
-0.16646	-0.44729	1.9013	0.010603	0.74997	-0.17406	0.06
-0.16738	-0.44742	1.9011	0.01066	0.75007	-0.17502	0.06
-0.16825	-0.44753	1.9009	0.010714	0.75015	-0.17593	0.06
-0.16907	-0.44764	1.9007	0.010765	0.75024	-0.17679	0.06
-0.16984	-0.44775	1.9005	0.010813	0.75032	-0.1776	0.06
-0.17057	-0.44785	1.9004	0.010858	0.75039	-0.17835	0.06
-0.17123	-0.44794	1.9002	0.010899	0.75046	-0.17904	0.06
-0.17184	-0.44802	1.9001	0.010936	0.75052	-0.17968	0.06
-0.17239	-0.4481	1.9	0.01097	0.75058	-0.18025	0.06
-0.17288	-0.44817	1.8998	0.011	0.75063	-0.18076	0.06
-0.1733	-0.44822	1.8997	0.011026	0.75067	-0.1812	0.06
-0.17365	-0.44827	1.8997	0.011048	0.75071	-0.18157	0.06
-0.17393	-0.44831	1.8996	0.011066	0.75074	-0.18186	0.06
-0.17414	-0.44834	1.8995	0.011079	0.75076	-0.18208	0.06
-0.17428	-0.44836	1.8995	0.011087	0.75078	-0.18222	0.06
-0.17433	-0.44837	1.8995	0.01109	0.75078	-0.18228	0.06
-0.1743	-0.44837	1.8995	0.011089	0.75078	-0.18225	0.06
-0.1742	-0.44835	1.8995	0.011082	0.75077	-0.18214	0.06
-0.174	-0.44832	1.8996	0.01107	0.75075	-0.18193	0.06
-0.17371	-0.44828	1.8996	0.011052	0.75072	-0.18163	0.06
-0.17334	-0.44823	1.8997	0.011029	0.75068	-0.18124	0.06
-0.17287	-0.44817	1.8998	0.011	0.75063	-0.18076	0.06
-0.17232	-0.44809	1.9	0.010966	0.75057	-0.18018	0.06
-0.17167	-0.448	1.9001	0.010926	0.75051	-0.1795	0.06
-0.17093	-0.4479	1.9003	0.01088	0.75043	-0.17873	0.06
-0.17011	-0.44779	1.9005	0.010829	0.75034	-0.17787	0.06
-0.16919	-0.44766	1.9007	0.010772	0.75025	-0.17691	0.06
-0.16818	-0.44752	1.9009	0.01071	0.75015	-0.17586	0.06
-0.16709	-0.44738	1.9012	0.010642	0.75004	-0.17472	0.06
-0.16591	-0.44722	1.9014	0.010569	0.74992	-0.17349	0.06
-0.16465	-0.44705	1.9017	0.010491	0.74979	-0.17218	0.06
-0.16332	-0.44688	1.902	0.010409	0.74966	-0.17079	0.06
-0.16192	-0.4467	1.9023	0.010322	0.74952	-0.16933	0.06
-0.16046	-0.44651	1.9027	0.010231	0.74938	-0.1678	0.06
-0.15893	-0.44631	1.903	0.010136	0.74924	-0.16621	0.06
-0.15736	-0.44612	1.9033	0.010038	0.74909	-0.16457	0.06
-0.15575	-0.44591	1.9037	0.0099383	0.74893	-0.16289	0.06
-0.15412	-0.44571	1.904	0.0098364	0.74878	-0.16118	0.06
-0.15247	-0.44551	1.9043	0.0097335	0.74863	-0.15946	0.06
-0.15082	-0.44531	1.9047	0.0096306	0.74848	-0.15773	0.06
-0.14919	-0.44512	1.905	0.0095286	0.74833	-0.15603	0.06
-0.14759	-0.44493	1.9053	0.0094286	0.74819	-0.15436	0.06
-0.14604	-0.44475	1.9056	0.0093318	0.74806	-0.15274	0.06
-0.14456	-0.44457	1.9059	0.009239	0.74793	-0.15119	0.06
-0.14316	-0.44441	1.9062	0.0091516	0.74781	-0.14974	0.06
-0.14186	-0.44427	1.9065	0.0090703	0.7477	-0.14838	0.06
-0.14069	-0.44414	1.9067	0.0089966	0.7476	-0.14715	0.06
-0.13964	-0.44402	1.9069	0.0089306	0.74751	-0.14605	0.06
-0.13873	-0.44392	1.907	0.0088738	0.74743	-0.14511	0.06
-0.13797	-0.44383	1.9072	0.0088263	0.74737	-0.14432	0.06
-0.13739	-0.44377	1.9073	0.0087893	0.74732	-0.1437	0.06
-0.13696	-0.44372	1.9074	0.0087627	0.74729	-0.14326	0.06
-0.13672	-0.4437	1.9074	0.0087477	0.74727	-0.14301	0.06
-0.13666	-0.44369	1.9074	0.0087439	0.74726	-0.14295	0.06
