0	-0.43633	1.9199	0	0.74176	0	0.03
0	-0.43633	1.9199	0	0.74176	0	0.03
0	-0.43633	1.9199	0	0.74176	0	0.03
0.00054505	-0.43633	1.9199	-3.5191e-05	0.74177	0.00057047	0.03
0.0010426	-0.43633	1.9199	-6.7318e-05	0.74177	0.0010913	0.03
0.0016854	-0.43633	1.9199	-0.00010882	0.74177	0.001764	0.03
0.0024696	-0.43633	1.9199	-0.00015945	0.74177	0.0025848	0.03
0.0033914	-0.43634	1.9199	-0.00021896	0.74177	0.0035496	0.03
0.0044785	-0.43634	1.9198	-0.00028915	0.74177	0.0046874	0.03
0.0056925	-0.43634	1.9198	-0.00036753	0.74177	0.005958	0.03
0.0070292	-0.43635	1.9198	-0.00045383	0.74178	0.0073571	0.03
0.0084843	-0.43636	1.9198	-0.00054777	0.74179	0.0088801	0.03
0.010054	-0.43637	1.9198	-0.00064908	0.74179	0.010523	0.03
0.011733	-0.43639	1.9198	-0.00075748	0.7418	0.01228	0.03
0.013542	-0.4364	1.9197	-0.00087427	0.74182	0.014174	0.03
0.01545	-0.43643	1.9197	-0.00099739	0.74183	0.01617	0.03
0.017451	-0.43645	1.9197	-0.0011266	0.74185	0.018265	0.03
0.019542	-0.43648	1.9196	-0.0012615	0.74188	0.020453	0.03
0.021717	-0.43652	1.9196	-0.0014019	0.7419	0.02273	0.03
0.023974	-0.43656	1.9195	-0.0015474	0.74193	0.025092	0.03
0.026324	-0.4366	1.9194	-0.001699	0.74197	0.027551	0.03
0.028743	-0.43666	1.9193	-0.0018551	0.74201	0.030083	0.03
0.031228	-0.43671	1.9192	-0.0020153	0.74205	0.032684	0.03
0.033774	-0.43678	1.9191	-0.0021794	0.7421	0.035348	0.03
0.036378	-0.43685	1.919	-0.0023472	0.74215	0.038073	0.03
0.039034	-0.43693	1.9189	-0.0025184	0.74221	0.040853	0.03
0.041752	-0.43701	1.9187	-0.0026935	0.74227	0.043697	0.03
0.044514	-0.43711	1.9186	-0.0028713	0.74234	0.046587	0.03
0.047316	-0.43721	1.9184	-0.0030516	0.74242	0.04952	0.03
0.050155	-0.43732	1.9182	-0.0032343	0.7425	0.052491	0.03
0.053029	-0.43743	1.918	-0.0034192	0.74258	0.055498	0.03
0.055934	-0.43756	1.9178	-0.0036059	0.74268	0.058537	0.03
0.058873	-0.43769	1.9176	-0.0037947	0.74278	0.061612	0.03
0.061836	-0.43783	1.9173	-0.003985	0.74288	0.064712	0.03
0.06482	-0.43798	1.9171	-0.0041766	0.74299	0.067834	0.03
0.067823	-0.43813	1.9168	-0.0043692	0.74311	0.070976	0.03
0.070842	-0.4383	1.9165	-0.0045628	0.74323	0.074134	0.03
0.073876	-0.43847	1.9163	-0.0047572	0.74336	0.077308	0.03
0.076924	-0.43865	1.916	-0.0049524	0.74349	0.080497	0.03
0.079982	-0.43884	1.9156	-0.005148	0.74363	0.083695	0.03
0.083046	-0.43904	1.9153	-0.005344	0.74378	0.086901	0.03
0.086117	-0.43924	1.915	-0.0055402	0.74393	0.090112	0.03
0.089191	-0.43945	1.9146	-0.0057365	0.74409	0.093327	0.03
0.092267	-0.43967	1.9142	-0.0059327	0.74426	0.096544	0.03
0.095345	-0.4399	1.9138	-0.0061289	0.74443	0.099763	0.03
0.098421	-0.44013	1.9134	-0.0063248	0.7446	0.10298	0.03
0.1015	-0.44038	1.913	-0.0065204	0.74478	0.10619	0.03
0.10457	-0.44063	1.9126	-0.0067156	0.74497	0.1094	0.03
0.10763	-0.44088	1.9122	-0.0069102	0.74516	0.11261	0.03
0.11069	-0.44115	1.9117	-0.0071044	0.74536	0.11581	0.03
0.11374	-0.44142	1.9113	-0.0072978	0.74556	0.119	0.03
0.11678	-0.44169	1.9108	-0.0074904	0.74577	0.12218	0.03
0.11982	-0.44198	1.9103	-0.0076823	0.74598	0.12535	0.03
0.12284	-0.44227	1.9098	-0.0078734	0.7462	0.12851	0.03
0.12585	-0.44257	1.9093	-0.0080636	0.74642	0.13166	0.03
0.12886	-0.44287	1.9088	-0.0082528	0.74665	0.13479	0.03
0.13184	-0.44318	1.9083	-0.0084409	0.74688	0.13791	0.03
0.13482	-0.44349	1.9078	-0.008628	0.74712	0.14102	0.03
0.13778	-0.44381	1.9072	-0.008814	0.74736	0.14411	0.03
0.14072	-0.44414	1.9067	-0.0089989	0.7476	0.14719	0.03
0.14366	-0.44447	1.9061	-0.0091826	0.74785	0.15025	0.03
0.14657	-0.44481	1.9055	-0.0093652	0.7481	0.1533	0.03
0.14947	-0.44515	1.905	-0.0095464	0.74836	0.15633	0.03
0.15235	-0.4455	1.9044	-0.0097263	0.74862	0.15934	0.03
0.15522	-0.44585	1.9038	-0.0099049	0.74888	0.16233	0.03
0.15807	-0.4462	1.9032	-0.010082	0.74915	0.1653	0.03
0.1609	-0.44657	1.9026	-0.010258	0.74942	0.16826	0.03
0.16371	-0.44693	1.9019	-0.010433	0.7497	0.1712	0.03
0.16651	-0.4473	1.9013	-0.010606	0.74998	0.17411	0.03
0.16928	-0.44767	1.9007	-0.010778	0.75026	0.17701	0.03
0.17204	-0.44805	1.9	-0.010949	0.75054	0.17988	0.03
0.17477	-0.44843	1.8994	-0.011118	0.75083	0.18274	0.03
0.17749	-0.44882	1.8987	-0.011285	0.75112	0.18558	0.03
0.18019	-0.4492	1.8981	-0.011452	0.75141	0.18839	0.03
0.18287	-0.44959	1.8974	-0.011616	0.75171	0.19119	0.03
0.18553	-0.44999	1.8967	-0.011779	0.75201	0.19396	0.03
0.18817	-0.45039	1.8961	-0.011941	0.75231	0.19671	0.03
0.19078	-0.45079	1.8954	-0.012101	0.75261	0.19944	0.03
0.19338	-0.45119	1.8947	-0.01226	0.75291	0.20215	0.03
0.19596	-0.4516	1.894	-0.012417	0.75322	0.20484	0.03
0.19852	-0.452	1.8933	-0.012573	0.75353	0.2075	0.03
0.20105	-0.45241	1.8926	-0.012727	0.75384	0.21015	0.03
0.20357	-0.45283	1.8919	-0.01288	0.75415	0.21277	0.03
0.20606	-0.45324	1.8912	-0.013031	0.75447	0.21537	0.03
0.20854	-0.45366	1.8905	-0.013181	0.75478	0.21795	0.03
0.21099	-0.45408	1.8898	-0.01333	0.7551	0.22051	0.03
0.21343	-0.45449	1.8891	-0.013476	0.75542	0.22304	0.03
0.21584	-0.45492	1.8884	-0.013622	0.75574	0.22555	0.03
0.21823	-0.45534	1.8876	-0.013765	0.75606	0.22804	0.03
0.2206	-0.45576	1.8869	-0.013908	0.75638	0.23051	0.03
0.22295	-0.45619	1.8862	-0.014048	0.7567	0.23296	0.03
0.22527	-0.45661	1.8855	-0.014188	0.75703	0.23538	0.03
0.22758	-0.45704	1.8847	-0.014326	0.75735	0.23778	0.03
0.22986	-0.45747	1.884	-0.014462	0.75768	0.24016	0.03
0.23213	-0.4579	1.8833	-0.014597	0.75801	0.24252	0.03
0.23437	-0.45833	1.8825	-0.01473	0.75833	0.24485	0.03
0.2366	-0.45876	1.8818	-0.014862	0.75866	0.24717	0.03
0.2388	-0.45919	1.8811	-0.014993	0.75899	0.24946	0.03
0.24098	-0.45962	1.8803	-0.015122	0.75932	0.25173	0.03
0.24314	-0.46005	1.8796	-0.01525	0.75965	0.25397	0.03
0.24528	-0.46048	1.8789	-0.015376	0.75998	0.2562	0.03
0.2474	-0.46091	1.8781	-0.015501	0.7603	0.25841	0.03
0.2495	-0.46134	1.8774	-0.015624	0.76063	0.26059	0.03
0.25158	-0.46177	1.8767	-0.015746	0.76096	0.26275	0.03
0.25363	-0.4622	1.8759	-0.015866	0.76129	0.26489	0.03
0.25567	-0.46263	1.8752	-0.015986	0.76162	0.26701	0.03
0.25769	-0.46306	1.8745	-0.016103	0.76195	0.2691	0.03
0.25968	-0.46349	1.8737	-0.01622	0.76228	0.27118	0.03
0.26166	-0.46391	1.873	-0.016335	0.7626	0.27323	0.03
0.26362	-0.46434	1.8723	-0.016448	0.76293	0.27527	0.03
0.26555	-0.46477	1.8715	-0.016561	0.76326	0.27728	0.03
0.26747	-0.46519	1.8708	-0.016672	0.76358	0.27927	0.03
0.26936	-0.46562	1.8701	-0.016781	0.76391	0.28124	0.03
0.27124	-0.46604	1.8693	-0.016889	0.76424	0.28318	0.03
0.27309	-0.46646	1.8686	-0.016996	0.76456	0.28511	0.03
0.27493	-0.46688	1.8679	-0.017102	0.76488	0.28702	0.03
0.27675	-0.4673	1.8672	-0.017206	0.76521	0.28891	0.03
0.27854	-0.46772	1.8665	-0.017309	0.76553	0.29077	0.03
0.28032	-0.46814	1.8658	-0.017411	0.76585	0.29262	0.03
0.28208	-0.46855	1.865	-0.017512	0.76617	0.29444	0.03
0.28382	-0.46896	1.8643	-0.017611	0.76649	0.29625	0.03
0.28554	-0.46938	1.8636	-0.017709	0.7668	0.29804	0.03
0.28724	-0.46979	1.8629	-0.017806	0.76712	0.2998	0.03
0.28892	-0.47019	1.8622	-0.017901	0.76743	0.30154	0.03
0.29058	-0.4706	1.8615	-0.017995	0.76775	0.30327	0.03
0.29223	-0.471	1.8608	-0.018088	0.76806	0.30497	0.03
0.29385	-0.47141	1.8601	-0.01818	0.76837	0.30666	0.03
0.29546	-0.47181	1.8594	-0.018271	0.76868	0.30833	0.03
0.29705	-0.4722	1.8588	-0.01836	0.76899	0.30997	0.03
0.29861	-0.4726	1.8581	-0.018449	0.76929	0.3116	0.03
0.30016	-0.47299	1.8574	-0.018536	0.76959	0.31321	0.03
0.3017	-0.47338	1.8567	-0.018622	0.7699	0.3148	0.03
0.30321	-0.47377	1.8561	-0.018707	0.7702	0.31637	0.03
0.30471	-0.47416	1.8554	-0.01879	0.7705	0.31792	0.03
0.30619	-0.47454	1.8547	-0.018873	0.7708	0.31945	0.03
0.30764	-0.47492	1.8541	-0.018954	0.77109	0.32096	0.03
0.30909	-0.4753	1.8534	-0.019034	0.77138	0.32246	0.03
0.31051	-0.47568	1.8528	-0.019113	0.77168	0.32393	0.03
0.31192	-0.47605	1.8521	-0.019192	0.77197	0.32539	0.03
0.31331	-0.47642	1.8515	-0.019269	0.77225	0.32683	0.03
0.31468	-0.47679	1.8509	-0.019344	0.77254	0.32825	0.03
0.31603	-0.47715	1.8502	-0.019419	0.77282	0.32965	0.03
0.31737	-0.47752	1.8496	-0.019493	0.7731	0.33104	0.03
0.31869	-0.47788	1.849	-0.019565	0.77338	0.3324	0.03
0.31999	-0.47823	1.8484	-0.019637	0.77366	0.33375	0.03
0.32128	-0.47859	1.8478	-0.019708	0.77394	0.33509	0.03
0.32254	-0.47894	1.8472	-0.019777	0.77421	0.3364	0.03
0.32379	-0.47928	1.8466	-0.019846	0.77448	0.33769	0.03
0.32503	-0.47963	1.846	-0.019913	0.77475	0.33897	0.03
0.32624	-0.47997	1.8454	-0.01998	0.77501	0.34023	0.03
0.32744	-0.48031	1.8448	-0.020045	0.77527	0.34147	0.03
0.32863	-0.48064	1.8442	-0.02011	0.77554	0.3427	0.03
0.3298	-0.48097	1.8436	-0.020173	0.77579	0.34391	0.03
0.33095	-0.4813	1.8431	-0.020236	0.77605	0.3451	0.03
0.33208	-0.48163	1.8425	-0.020297	0.7763	0.34627	0.03
0.3332	-0.48195	1.842	-0.020358	0.77655	0.34743	0.03
0.3343	-0.48227	1.8414	-0.020418	0.7768	0.34857	0.03
0.33539	-0.48258	1.8409	-0.020477	0.77705	0.34969	0.03
0.33646	-0.48289	1.8403	-0.020534	0.77729	0.3508	0.03
0.33751	-0.4832	1.8398	-0.020591	0.77753	0.35189	0.03
0.33855	-0.4835	1.8393	-0.020647	0.77777	0.35296	0.03
0.33957	-0.4838	1.8387	-0.020702	0.77801	0.35402	0.03
0.34058	-0.4841	1.8382	-0.020756	0.77824	0.35506	0.03
0.34157	-0.4844	1.8377	-0.020809	0.77847	0.35609	0.03
0.34255	-0.48469	1.8372	-0.020862	0.77869	0.35709	0.03
0.3435	-0.48497	1.8367	-0.020913	0.77892	0.35809	0.03
0.34445	-0.48526	1.8362	-0.020963	0.77914	0.35906	0.03
0.34538	-0.48553	1.8358	-0.021013	0.77936	0.36002	0.03
0.34629	-0.48581	1.8353	-0.021062	0.77957	0.36097	0.03
0.34719	-0.48608	1.8348	-0.02111	0.77979	0.3619	0.03
0.34807	-0.48635	1.8343	-0.021157	0.78	0.36281	0.03
0.34894	-0.48661	1.8339	-0.021203	0.7802	0.36371	0.03
0.34979	-0.48687	1.8334	-0.021248	0.78041	0.36459	0.03
0.35063	-0.48713	1.833	-0.021293	0.78061	0.36545	0.03
0.35146	-0.48738	1.8325	-0.021337	0.78081	0.36631	0.03
0.35227	-0.48763	1.8321	-0.021379	0.781	0.36714	0.03
0.35306	-0.48788	1.8317	-0.021421	0.7812	0.36796	0.03
0.35384	-0.48812	1.8313	-0.021463	0.78139	0.36877	0.03
0.3546	-0.48836	1.8309	-0.021503	0.78157	0.36956	0.03
0.35535	-0.48859	1.8305	-0.021542	0.78176	0.37033	0.03
0.35609	-0.48882	1.8301	-0.021581	0.78194	0.37109	0.03
0.35681	-0.48905	1.8297	-0.021619	0.78211	0.37184	0.03
0.35751	-0.48927	1.8293	-0.021656	0.78229	0.37256	0.03
0.35821	-0.48948	1.8289	-0.021693	0.78246	0.37328	0.03
0.35888	-0.4897	1.8285	-0.021728	0.78263	0.37398	0.03
0.35955	-0.48991	1.8282	-0.021763	0.78279	0.37466	0.03
0.3602	-0.49011	1.8278	-0.021797	0.78295	0.37533	0.03
0.36083	-0.49032	1.8275	-0.021831	0.78311	0.37599	0.03
0.36145	-0.49051	1.8271	-0.021863	0.78327	0.37663	0.03
0.36206	-0.49071	1.8268	-0.021895	0.78342	0.37726	0.03
0.36265	-0.4909	1.8265	-0.021926	0.78357	0.37787	0.03
0.36323	-0.49108	1.8261	-0.021956	0.78371	0.37847	0.03
0.3638	-0.49126	1.8258	-0.021985	0.78386	0.37905	0.03
0.36435	-0.49144	1.8255	-0.022014	0.784	0.37962	0.03
0.36489	-0.49161	1.8252	-0.022042	0.78413	0.38017	0.03
0.36541	-0.49178	1.8249	-0.022069	0.78427	0.38071	0.03
0.36592	-0.49195	1.8246	-0.022096	0.7844	0.38124	0.03
0.36641	-0.49211	1.8243	-0.022122	0.78452	0.38175	0.03
0.3669	-0.49226	1.8241	-0.022147	0.78465	0.38225	0.03
0.36737	-0.49242	1.8238	-0.022171	0.78477	0.38274	0.03
0.36782	-0.49256	1.8236	-0.022195	0.78488	0.38321	0.03
0.36826	-0.49271	1.8233	-0.022218	0.785	0.38366	0.03
0.36869	-0.49285	1.8231	-0.02224	0.78511	0.3841	0.03
0.36911	-0.49298	1.8228	-0.022262	0.78521	0.38453	0.03
0.36951	-0.49312	1.8226	-0.022282	0.78532	0.38495	0.03
0.3699	-0.49324	1.8224	-0.022303	0.78542	0.38535	0.03
0.37027	-0.49337	1.8222	-0.022322	0.78551	0.38573	0.03
0.37063	-0.49348	1.822	-0.022341	0.78561	0.38611	0.03
0.37098	-0.4936	1.8218	-0.022358	0.7857	0.38646	0.03
0.37131	-0.49371	1.8216	-0.022376	0.78578	0.38681	0.03
0.37164	-0.49381	1.8214	-0.022392	0.78587	0.38714	0.03
0.37195	-0.49392	1.8212	-0.022408	0.78595	0.38746	0.03
0.37224	-0.49401	1.821	-0.022424	0.78603	0.38776	0.03
0.37252	-0.49411	1.8209	-0.022438	0.7861	0.38805	0.03
0.37279	-0.4942	1.8207	-0.022452	0.78617	0.38833	0.03
0.37305	-0.49428	1.8206	-0.022465	0.78624	0.3886	0.03
0.37329	-0.49436	1.8204	-0.022478	0.7863	0.38885	0.03
0.37352	-0.49444	1.8203	-0.02249	0.78636	0.38909	0.03
0.37374	-0.49451	1.8202	-0.022501	0.78642	0.38931	0.03
0.37394	-0.49458	1.8201	-0.022511	0.78647	0.38952	0.03
0.37413	-0.49464	1.8199	-0.022521	0.78652	0.38971	0.03
0.37431	-0.4947	1.8198	-0.02253	0.78657	0.3899	0.03
0.37447	-0.49475	1.8197	-0.022539	0.78661	0.39007	0.03
0.37462	-0.49481	1.8197	-0.022546	0.78665	0.39022	0.03
0.37476	-0.49485	1.8196	-0.022553	0.78669	0.39037	0.03
0.37489	-0.49489	1.8195	-0.02256	0.78672	0.39049	0.03
0.375	-0.49493	1.8194	-0.022566	0.78675	0.39061	0.03
0.3751	-0.49496	1.8194	-0.022571	0.78678	0.39071	0.03
0.37519	-0.49499	1.8193	-0.022575	0.7868	0.3908	0.03
0.37526	-0.49502	1.8193	-0.022579	0.78682	0.39088	0.03
0.37532	-0.49504	1.8192	-0.022582	0.78683	0.39094	0.03
0.37537	-0.49505	1.8192	-0.022585	0.78685	0.39099	0.03
0.3754	-0.49506	1.8192	-0.022586	0.78686	0.39103	0.03
0.37542	-0.49507	1.8192	-0.022588	0.78686	0.39105	0.03
0.37543	-0.49508	1.8192	-0.022588	0.78686	0.39106	0.03
0.37543	-0.49508	1.8192	-0.022588	0.78686	0.39106	0.03
0.37541	-0.49507	1.8192	-0.022587	0.78686	0.39104	0.03
0.37538	-0.49506	1.8192	-0.022585	0.78685	0.39101	0.03
0.37534	-0.49504	1.8192	-0.022583	0.78684	0.39096	0.03
0.37529	-0.49503	1.8193	-0.02258	0.78683	0.39091	0.03
0.37522	-0.495	1.8193	-0.022577	0.78681	0.39084	0.03
0.37514	-0.49498	1.8194	-0.022573	0.78679	0.39075	0.03
0.37504	-0.49495	1.8194	-0.022568	0.78676	0.39066	0.03
0.37494	-0.49491	1.8195	-0.022562	0.78673	0.39055	0.03
0.37482	-0.49487	1.8195	-0.022556	0.7867	0.39042	0.03
0.37468	-0.49483	1.8196	-0.022549	0.78667	0.39028	0.03
0.37454	-0.49478	1.8197	-0.022542	0.78663	0.39014	0.03
0.37438	-0.49472	1.8198	-0.022534	0.78659	0.38997	0.03
0.37421	-0.49467	1.8199	-0.022525	0.78654	0.38979	0.03
0.37402	-0.4946	1.82	-0.022515	0.78649	0.3896	0.03
0.37382	-0.49454	1.8201	-0.022505	0.78644	0.3894	0.03
0.37361	-0.49447	1.8202	-0.022494	0.78639	0.38918	0.03
0.37339	-0.49439	1.8204	-0.022483	0.78633	0.38895	0.03
0.37315	-0.49432	1.8205	-0.022471	0.78626	0.38871	0.03
0.3729	-0.49423	1.8206	-0.022458	0.7862	0.38845	0.03
0.37264	-0.49415	1.8208	-0.022444	0.78613	0.38818	0.03
0.37236	-0.49405	1.821	-0.02243	0.78606	0.38789	0.03
0.37207	-0.49396	1.8211	-0.022415	0.78598	0.38759	0.03
0.37177	-0.49386	1.8213	-0.022399	0.7859	0.38728	0.03
0.37146	-0.49376	1.8215	-0.022383	0.78582	0.38696	0.03
0.37113	-0.49365	1.8217	-0.022366	0.78574	0.38662	0.03
0.37078	-0.49353	1.8219	-0.022348	0.78565	0.38626	0.03
0.37043	-0.49342	1.8221	-0.02233	0.78555	0.38589	0.03
0.37006	-0.4933	1.8223	-0.022311	0.78546	0.38551	0.03
0.36968	-0.49317	1.8225	-0.022291	0.78536	0.38512	0.03
0.36928	-0.49304	1.8227	-0.022271	0.78526	0.38471	0.03
0.36887	-0.49291	1.823	-0.022249	0.78515	0.38429	0.03
0.36845	-0.49277	1.8232	-0.022227	0.78504	0.38385	0.03
0.36801	-0.49263	1.8234	-0.022205	0.78493	0.3834	0.03
0.36756	-0.49248	1.8237	-0.022181	0.78482	0.38294	0.03
0.3671	-0.49233	1.824	-0.022157	0.7847	0.38246	0.03
0.36662	-0.49217	1.8242	-0.022133	0.78458	0.38197	0.03
0.36613	-0.49202	1.8245	-0.022107	0.78445	0.38146	0.03
0.36563	-0.49185	1.8248	-0.022081	0.78432	0.38094	0.03
0.36511	-0.49168	1.8251	-0.022054	0.78419	0.3804	0.03
0.36458	-0.49151	1.8254	-0.022026	0.78405	0.37986	0.03
0.36403	-0.49134	1.8257	-0.021998	0.78392	0.37929	0.03
0.36347	-0.49116	1.826	-0.021969	0.78378	0.37872	0.03
0.3629	-0.49098	1.8263	-0.021939	0.78363	0.37812	0.03
0.36231	-0.49079	1.8266	-0.021908	0.78348	0.37752	0.03
0.36171	-0.49059	1.827	-0.021876	0.78333	0.3769	0.03
0.36109	-0.4904	1.8273	-0.021844	0.78318	0.37626	0.03
0.36047	-0.4902	1.8277	-0.021811	0.78302	0.37561	0.03
0.35982	-0.49	1.828	-0.021778	0.78286	0.37495	0.03
0.35916	-0.48979	1.8284	-0.021743	0.7827	0.37427	0.03
0.35849	-0.48957	1.8287	-0.021708	0.78253	0.37357	0.03
0.3578	-0.48936	1.8291	-0.021672	0.78236	0.37286	0.03
0.3571	-0.48914	1.8295	-0.021635	0.78219	0.37214	0.03
0.35639	-0.48891	1.8299	-0.021597	0.78201	0.3714	0.03
0.35566	-0.48869	1.8303	-0.021559	0.78183	0.37065	0.03
0.35492	-0.48845	1.8307	-0.021519	0.78165	0.36988	0.03
0.35416	-0.48822	1.8311	-0.021479	0.78146	0.3691	0.03
0.35338	-0.48798	1.8315	-0.021438	0.78127	0.3683	0.03
0.35259	-0.48773	1.8319	-0.021397	0.78108	0.36748	0.03
0.35179	-0.48749	1.8324	-0.021354	0.78089	0.36665	0.03
0.35098	-0.48724	1.8328	-0.021311	0.78069	0.36581	0.03
0.35014	-0.48698	1.8332	-0.021267	0.78049	0.36495	0.03
0.34929	-0.48672	1.8337	-0.021222	0.78029	0.36407	0.03
0.34843	-0.48646	1.8342	-0.021176	0.78008	0.36318	0.03
0.34755	-0.48619	1.8346	-0.021129	0.77987	0.36227	0.03
0.34666	-0.48592	1.8351	-0.021082	0.77966	0.36135	0.03
0.34575	-0.48565	1.8356	-0.021033	0.77945	0.36041	0.03
0.34483	-0.48537	1.836	-0.020984	0.77923	0.35945	0.03
0.34389	-0.48509	1.8365	-0.020933	0.77901	0.35848	0.03
0.34293	-0.4848	1.837	-0.020882	0.77878	0.35749	0.03
0.34196	-0.48451	1.8375	-0.02083	0.77856	0.35649	0.03
0.34098	-0.48422	1.838	-0.020778	0.77833	0.35547	0.03
0.33998	-0.48392	1.8385	-0.020724	0.7781	0.35444	0.03
0.33896	-0.48362	1.8391	-0.020669	0.77786	0.35339	0.03
0.33792	-0.48332	1.8396	-0.020613	0.77763	0.35232	0.03
0.33687	-0.48301	1.8401	-0.020557	0.77739	0.35123	0.03
0.33581	-0.4827	1.8407	-0.020499	0.77714	0.35013	0.03
0.33473	-0.48239	1.8412	-0.020441	0.7769	0.34901	0.03
0.33363	-0.48207	1.8417	-0.020382	0.77665	0.34788	0.03
0.33252	-0.48175	1.8423	-0.020321	0.7764	0.34672	0.03
0.33139	-0.48143	1.8429	-0.02026	0.77615	0.34555	0.03
0.33024	-0.4811	1.8434	-0.020198	0.77589	0.34437	0.03
0.32908	-0.48077	1.844	-0.020134	0.77563	0.34316	0.03
0.3279	-0.48043	1.8446	-0.02007	0.77537	0.34194	0.03
0.3267	-0.4801	1.8452	-0.020005	0.77511	0.3407	0.03
0.32549	-0.47976	1.8457	-0.019939	0.77485	0.33945	0.03
0.32426	-0.47941	1.8463	-0.019871	0.77458	0.33817	0.03
0.32301	-0.47907	1.8469	-0.019803	0.77431	0.33688	0.03
0.32175	-0.47872	1.8475	-0.019734	0.77404	0.33557	0.03
0.32047	-0.47836	1.8481	-0.019663	0.77376	0.33425	0.03
0.31917	-0.47801	1.8488	-0.019592	0.77349	0.3329	0.03
0.31785	-0.47765	1.8494	-0.019519	0.77321	0.33154	0.03
0.31652	-0.47729	1.85	-0.019446	0.77292	0.33016	0.03
0.31517	-0.47692	1.8506	-0.019371	0.77264	0.32876	0.03
0.3138	-0.47655	1.8513	-0.019296	0.77236	0.32734	0.03
0.31241	-0.47618	1.8519	-0.019219	0.77207	0.3259	0.03
0.31101	-0.47581	1.8526	-0.019141	0.77178	0.32445	0.03
0.30959	-0.47543	1.8532	-0.019062	0.77149	0.32298	0.03
0.30815	-0.47505	1.8539	-0.018982	0.77119	0.32148	0.03
0.30669	-0.47467	1.8545	-0.018901	0.7709	0.31997	0.03
0.30521	-0.47429	1.8552	-0.018818	0.7706	0.31844	0.03
0.30372	-0.4739	1.8558	-0.018735	0.7703	0.31689	0.03
0.30221	-0.47351	1.8565	-0.01865	0.77	0.31533	0.03
0.30067	-0.47312	1.8572	-0.018564	0.7697	0.31374	0.03
0.29912	-0.47273	1.8579	-0.018477	0.76939	0.31213	0.03
0.29755	-0.47233	1.8585	-0.018389	0.76908	0.3105	0.03
0.29596	-0.47193	1.8592	-0.0183	0.76878	0.30885	0.03
0.29436	-0.47153	1.8599	-0.018209	0.76847	0.30719	0.03
0.29274	-0.47113	1.8606	-0.018117	0.76816	0.3055	0.03
0.29109	-0.47072	1.8613	-0.018024	0.76784	0.30379	0.03
0.28942	-0.47032	1.862	-0.01793	0.76753	0.30207	0.03
0.28774	-0.46991	1.8627	-0.017834	0.76721	0.30032	0.03
0.28604	-0.4695	1.8634	-0.017737	0.76689	0.29855	0.03
0.28432	-0.46908	1.8641	-0.017639	0.76658	0.29677	0.03
0.28257	-0.46867	1.8648	-0.01754	0.76626	0.29496	0.03
0.28081	-0.46825	1.8656	-0.017439	0.76594	0.29313	0.03
0.27903	-0.46783	1.8663	-0.017337	0.76561	0.29128	0.03
0.27723	-0.46741	1.867	-0.017234	0.76529	0.2894	0.03
0.2754	-0.46699	1.8677	-0.017129	0.76497	0.28751	0.03
0.27356	-0.46657	1.8684	-0.017023	0.76464	0.2856	0.03
0.2717	-0.46614	1.8692	-0.016916	0.76432	0.28367	0.03
0.26982	-0.46572	1.8699	-0.016807	0.76399	0.28171	0.03
0.26791	-0.46529	1.8706	-0.016697	0.76366	0.27973	0.03
0.26599	-0.46486	1.8714	-0.016586	0.76333	0.27773	0.03
0.26404	-0.46444	1.8721	-0.016473	0.763	0.27571	0.03
0.26208	-0.46401	1.8728	-0.016359	0.76267	0.27367	0.03
0.26009	-0.46357	1.8736	-0.016243	0.76234	0.2716	0.03
0.25808	-0.46314	1.8743	-0.016126	0.76201	0.26951	0.03
0.25605	-0.46271	1.8751	-0.016008	0.76168	0.2674	0.03
0.254	-0.46228	1.8758	-0.015888	0.76135	0.26527	0.03
0.25193	-0.46184	1.8765	-0.015766	0.76102	0.26311	0.03
0.24983	-0.46141	1.8773	-0.015644	0.76069	0.26094	0.03
0.24772	-0.46097	1.878	-0.015519	0.76035	0.25874	0.03
0.24558	-0.46054	1.8788	-0.015393	0.76002	0.25651	0.03
0.24342	-0.4601	1.8795	-0.015266	0.75969	0.25426	0.03
0.24124	-0.45967	1.8803	-0.015137	0.75936	0.25199	0.03
0.23903	-0.45923	1.881	-0.015007	0.75902	0.2497	0.03
0.23681	-0.4588	1.8817	-0.014875	0.75869	0.24739	0.03
0.23456	-0.45836	1.8825	-0.014741	0.75836	0.24505	0.03
0.23229	-0.45793	1.8832	-0.014606	0.75803	0.24268	0.03
0.22999	-0.45749	1.884	-0.01447	0.7577	0.24029	0.03
0.22768	-0.45706	1.8847	-0.014331	0.75737	0.23788	0.03
0.22534	-0.45663	1.8854	-0.014192	0.75704	0.23544	0.03
0.22297	-0.45619	1.8862	-0.01405	0.75671	0.23299	0.03
0.22059	-0.45576	1.8869	-0.013907	0.75638	0.2305	0.03
0.21818	-0.45533	1.8877	-0.013763	0.75605	0.22799	0.03
0.21575	-0.4549	1.8884	-0.013616	0.75573	0.22546	0.03
0.21329	-0.45447	1.8891	-0.013468	0.7554	0.2229	0.03
0.21081	-0.45404	1.8898	-0.013319	0.75508	0.22032	0.03
0.20831	-0.45362	1.8906	-0.013167	0.75475	0.21771	0.03
0.20579	-0.45319	1.8913	-0.013015	0.75443	0.21508	0.03
0.20324	-0.45277	1.892	-0.01286	0.75411	0.21242	0.03
0.20066	-0.45235	1.8927	-0.012703	0.75379	0.20974	0.03
0.19806	-0.45193	1.8934	-0.012545	0.75347	0.20703	0.03
0.19544	-0.45151	1.8942	-0.012385	0.75316	0.20429	0.03
0.19279	-0.4511	1.8949	-0.012224	0.75284	0.20154	0.03
0.19013	-0.45069	1.8956	-0.012061	0.75253	0.19875	0.03
0.18743	-0.45027	1.8963	-0.011896	0.75222	0.19594	0.03
0.18471	-0.44987	1.897	-0.011729	0.75191	0.1931	0.03
0.18196	-0.44946	1.8976	-0.01156	0.75161	0.19024	0.03
0.17919	-0.44906	1.8983	-0.01139	0.7513	0.18735	0.03
0.1764	-0.44866	1.899	-0.011218	0.751	0.18443	0.03
0.17358	-0.44826	1.8997	-0.011044	0.7507	0.18149	0.03
0.17073	-0.44787	1.9003	-0.010868	0.75041	0.17852	0.03
0.16786	-0.44748	1.901	-0.01069	0.75011	0.17553	0.03
0.16497	-0.4471	1.9017	-0.010511	0.74982	0.1725	0.03
0.16205	-0.44671	1.9023	-0.01033	0.74954	0.16946	0.03
0.1591	-0.44634	1.9029	-0.010147	0.74925	0.16638	0.03
0.15613	-0.44596	1.9036	-0.0099619	0.74897	0.16328	0.03
0.15313	-0.44559	1.9042	-0.0097749	0.74869	0.16015	0.03
0.15011	-0.44523	1.9048	-0.0095862	0.74842	0.15699	0.03
0.14706	-0.44486	1.9054	-0.0093956	0.74815	0.15381	0.03
0.14398	-0.44451	1.906	-0.0092032	0.74788	0.1506	0.03
0.14089	-0.44416	1.9066	-0.0090089	0.74761	0.14736	0.03
0.13776	-0.44381	1.9072	-0.0088129	0.74735	0.1441	0.03
0.1346	-0.44347	1.9078	-0.0086146	0.7471	0.1408	0.03
0.13142	-0.44313	1.9084	-0.0084145	0.74685	0.13747	0.03
0.12822	-0.4428	1.9089	-0.0082125	0.7466	0.13412	0.03
0.12498	-0.44248	1.9095	-0.0080087	0.74636	0.13075	0.03
0.12173	-0.44216	1.91	-0.007803	0.74612	0.12734	0.03
0.11844	-0.44185	1.9105	-0.0075955	0.74588	0.12391	0.03
0.11513	-0.44154	1.9111	-0.0073857	0.74565	0.12045	0.03
0.11179	-0.44124	1.9116	-0.007174	0.74543	0.11695	0.03
0.10842	-0.44095	1.9121	-0.0069605	0.74521	0.11344	0.03
0.10503	-0.44066	1.9125	-0.0067451	0.745	0.10989	0.03
0.10161	-0.44039	1.913	-0.0065278	0.74479	0.10631	0.03
0.098167	-0.44011	1.9135	-0.0063086	0.74459	0.10271	0.03
0.09469	-0.43985	1.9139	-0.0060871	0.74439	0.099077	0.03
0.091187	-0.43959	1.9144	-0.0058638	0.7442	0.095414	0.03
0.087658	-0.43935	1.9148	-0.0056386	0.74401	0.091723	0.03
0.084102	-0.43911	1.9152	-0.0054115	0.74383	0.088004	0.03
0.08052	-0.43887	1.9156	-0.0051825	0.74366	0.084258	0.03
0.076911	-0.43865	1.916	-0.0049516	0.74349	0.080483	0.03
0.07327	-0.43844	1.9163	-0.0047184	0.74333	0.076674	0.03
0.069602	-0.43823	1.9167	-0.0044833	0.74318	0.072837	0.03
0.065907	-0.43803	1.917	-0.0042464	0.74303	0.068972	0.03
0.062186	-0.43785	1.9173	-0.0040075	0.74289	0.065079	0.03
0.058438	-0.43767	1.9176	-0.0037668	0.74276	0.061157	0.03
0.054663	-0.4375	1.9179	-0.0035242	0.74264	0.057207	0.03
0.050854	-0.43734	1.9182	-0.0032793	0.74252	0.053222	0.03
0.047019	-0.4372	1.9184	-0.0030325	0.74241	0.049209	0.03
0.043156	-0.43706	1.9186	-0.0027839	0.74231	0.045167	0.03
0.039266	-0.43694	1.9188	-0.0025333	0.74221	0.041096	0.03
0.035349	-0.43682	1.919	-0.002281	0.74213	0.036997	0.03
0.031405	-0.43672	1.9192	-0.0020267	0.74205	0.032869	0.03
0.027427	-0.43663	1.9194	-0.0017702	0.74198	0.028706	0.03
0.023421	-0.43655	1.9195	-0.0015118	0.74192	0.024513	0.03
0.019387	-0.43648	1.9196	-0.0012515	0.74187	0.020292	0.03
0.015326	-0.43642	1.9197	-0.00098943	0.74183	0.016041	0.03
0.011237	-0.43638	1.9198	-0.0007255	0.7418	0.011762	0.03
0.0071207	-0.43635	1.9198	-0.00045974	0.74178	0.0074529	0.03
0.0029691	-0.43634	1.9199	-0.0001917	0.74177	0.0031076	0.03
-0.0012108	-0.43633	1.9199	7.8174e-05	0.74177	-0.0012673	0.03
-0.0054189	-0.43634	1.9198	0.00034987	0.74177	-0.0056717	0.03
-0.0096555	-0.43637	1.9198	0.00062338	0.74179	-0.010106	0.03
-0.013921	-0.43641	1.9197	0.00089869	0.74182	-0.01457	0.03
-0.018214	-0.43646	1.9196	0.0011758	0.74186	-0.019064	0.03
-0.022544	-0.43653	1.9195	0.0014552	0.74191	-0.023596	0.03
-0.026904	-0.43662	1.9194	0.0017364	0.74198	-0.028158	0.03
-0.031292	-0.43672	1.9192	0.0020194	0.74205	-0.032751	0.03
-0.03571	-0.43683	1.919	0.0023042	0.74214	-0.037375	0.03
-0.040158	-0.43696	1.9188	0.0025908	0.74223	-0.042029	0.03
-0.044636	-0.43711	1.9185	0.0028792	0.74235	-0.046715	0.03
-0.049153	-0.43728	1.9183	0.0031698	0.74247	-0.051442	0.03
-0.0537	-0.43746	1.918	0.0034623	0.74261	-0.0562	0.03
-0.058279	-0.43766	1.9176	0.0037566	0.74276	-0.060991	0.03
-0.06289	-0.43788	1.9173	0.0040527	0.74292	-0.065815	0.03
-0.067532	-0.43812	1.9168	0.0043506	0.7431	-0.070672	0.03
-0.072207	-0.43837	1.9164	0.0046503	0.74329	-0.075562	0.03
-0.076925	-0.43865	1.916	0.0049524	0.74349	-0.080497	0.03
-0.081676	-0.43895	1.9155	0.0052564	0.74371	-0.085467	0.03
-0.086463	-0.43926	1.9149	0.0055623	0.74395	-0.090473	0.03
-0.091285	-0.4396	1.9143	0.00587	0.7442	-0.095516	0.03
-0.096143	-0.43996	1.9137	0.0061797	0.74447	-0.1006	0.03
-0.10104	-0.44034	1.9131	0.0064913	0.74475	-0.10572	0.03
-0.10598	-0.44074	1.9124	0.0068057	0.74506	-0.11089	0.03
-0.11097	-0.44117	1.9117	0.007122	0.74538	-0.1161	0.03
-0.116	-0.44162	1.9109	0.0074405	0.74571	-0.12135	0.03
-0.12107	-0.4421	1.9101	0.0077612	0.74607	-0.12665	0.03
-0.12618	-0.4426	1.9093	0.0080842	0.74644	-0.132	0.03
-0.13134	-0.44313	1.9084	0.0084094	0.74684	-0.13739	0.03
-0.13657	-0.44368	1.9074	0.008738	0.74726	-0.14285	0.03
-0.14185	-0.44427	1.9065	0.0090692	0.7477	-0.14836	0.03
-0.14718	-0.44488	1.9054	0.0094031	0.74816	-0.15393	0.03
-0.15257	-0.44552	1.9043	0.00974	0.74864	-0.15957	0.03
-0.15803	-0.4462	1.9032	0.01008	0.74915	-0.16526	0.03
-0.16355	-0.44691	1.902	0.010423	0.74968	-0.17103	0.03
-0.16874	-0.4476	1.9008	0.010745	0.7502	-0.17644	0.03
-0.17367	-0.44828	1.8997	0.011049	0.75071	-0.18158	0.03
-0.17833	-0.44894	1.8985	0.011337	0.75121	-0.18645	0.03
-0.18273	-0.44957	1.8975	0.011607	0.75169	-0.19104	0.03
-0.18686	-0.45019	1.8964	0.011861	0.75216	-0.19535	0.03
-0.19074	-0.45078	1.8954	0.012098	0.7526	-0.19939	0.03
-0.19429	-0.45133	1.8945	0.012315	0.75302	-0.20309	0.03
-0.19758	-0.45185	1.8936	0.012516	0.75342	-0.20653	0.03
-0.20062	-0.45234	1.8927	0.012701	0.75379	-0.20969	0.03
-0.20339	-0.4528	1.892	0.012869	0.75413	-0.21259	0.03
-0.20592	-0.45322	1.8913	0.013022	0.75445	-0.21521	0.03
-0.20818	-0.4536	1.8906	0.01316	0.75474	-0.21758	0.03
-0.21013	-0.45393	1.89	0.013277	0.75499	-0.21961	0.03
-0.21183	-0.45422	1.8896	0.01338	0.75521	-0.22137	0.03
-0.21327	-0.45447	1.8891	0.013467	0.7554	-0.22287	0.03
-0.21446	-0.45467	1.8888	0.013538	0.75555	-0.22411	0.03
-0.21539	-0.45484	1.8885	0.013595	0.75568	-0.22509	0.03
-0.21607	-0.45496	1.8883	0.013636	0.75577	-0.2258	0.03
-0.21644	-0.45502	1.8882	0.013658	0.75582	-0.22618	0.03
-0.21656	-0.45504	1.8881	0.013665	0.75583	-0.2263	0.03
-0.21644	-0.45502	1.8882	0.013658	0.75582	-0.22618	0.03
-0.21611	-0.45496	1.8883	0.013638	0.75577	-0.22584	0.03
-0.21556	-0.45487	1.8884	0.013605	0.7557	-0.22527	0.03
-0.21481	-0.45474	1.8887	0.01356	0.7556	-0.22448	0.03
-0.21382	-0.45456	1.889	0.0135	0.75547	-0.22345	0.03
-0.21263	-0.45436	1.8893	0.013429	0.75531	-0.22221	0.03
-0.21127	-0.45412	1.8897	0.013346	0.75514	-0.22079	0.03
-0.20973	-0.45386	1.8902	0.013253	0.75494	-0.21919	0.03
-0.20803	-0.45357	1.8907	0.01315	0.75472	-0.21742	0.03
-0.20617	-0.45326	1.8912	0.013038	0.75448	-0.21548	0.03
-0.20413	-0.45292	1.8918	0.012914	0.75422	-0.21335	0.03
-0.20195	-0.45256	1.8924	0.012782	0.75395	-0.21108	0.03
-0.19965	-0.45219	1.893	0.012642	0.75367	-0.20868	0.03
-0.19723	-0.4518	1.8937	0.012495	0.75337	-0.20616	0.03
-0.19471	-0.4514	1.8944	0.012341	0.75307	-0.20353	0.03
-0.19209	-0.45099	1.895	0.012181	0.75276	-0.20081	0.03
-0.18938	-0.45057	1.8958	0.012015	0.75245	-0.19798	0.03
-0.1866	-0.45015	1.8965	0.011845	0.75213	-0.19508	0.03
-0.18377	-0.44973	1.8972	0.011671	0.75181	-0.19212	0.03
-0.18089	-0.4493	1.8979	0.011494	0.75149	-0.18912	0.03
-0.17798	-0.44888	1.8986	0.011315	0.75117	-0.18608	0.03
-0.17504	-0.44847	1.8993	0.011134	0.75086	-0.18301	0.03
-0.17208	-0.44806	1.9	0.010951	0.75055	-0.17993	0.03
-0.16912	-0.44765	1.9007	0.010769	0.75024	-0.17684	0.03
-0.16617	-0.44726	1.9014	0.010586	0.74994	-0.17376	0.03
-0.16323	-0.44687	1.902	0.010403	0.74965	-0.17069	0.03
-0.1603	-0.44649	1.9027	0.010221	0.74937	-0.16763	0.03
-0.1574	-0.44612	1.9033	0.010041	0.74909	-0.1646	0.03
-0.15453	-0.44576	1.9039	0.0098621	0.74882	-0.16161	0.03
-0.1517	-0.44542	1.9045	0.0096857	0.74856	-0.15866	0.03
-0.14891	-0.44508	1.9051	0.0095115	0.74831	-0.15574	0.03
-0.14617	-0.44476	1.9056	0.0093398	0.74807	-0.15288	0.03
-0.14347	-0.44445	1.9061	0.0091709	0.74783	-0.15006	0.03
-0.14082	-0.44415	1.9067	0.009005	0.74761	-0.14729	0.03
-0.13825	-0.44386	1.9071	0.0088433	0.74739	-0.1446	0.03
-0.13573	-0.44359	1.9076	0.0086851	0.74719	-0.14197	0.03
-0.13327	-0.44333	1.908	0.0085306	0.74699	-0.1394	0.03
-0.13087	-0.44308	1.9085	0.0083799	0.7468	-0.1369	0.03
-0.12854	-0.44284	1.9089	0.0082331	0.74662	-0.13447	0.03
-0.12628	-0.44261	1.9093	0.0080905	0.74645	-0.1321	0.03
-0.12411	-0.44239	1.9096	0.0079532	0.74629	-0.12983	0.03
-0.122	-0.44219	1.91	0.0078204	0.74614	-0.12763	0.03
-0.11997	-0.44199	1.9103	0.007692	0.74599	-0.12551	0.03
-0.11801	-0.44181	1.9106	0.0075682	0.74585	-0.12346	0.03
-0.11613	-0.44163	1.9109	0.0074491	0.74572	-0.12149	0.03
-0.11432	-0.44147	1.9112	0.0073347	0.7456	-0.1196	0.03
-0.11261	-0.44132	1.9114	0.0072263	0.74548	-0.11782	0.03
-0.11098	-0.44117	1.9117	0.0071228	0.74538	-0.11611	0.03
-0.10943	-0.44104	1.9119	0.0070243	0.74528	-0.11449	0.03
-0.10795	-0.44091	1.9121	0.0069307	0.74518	-0.11294	0.03
-0.10656	-0.44079	1.9123	0.006842	0.74509	-0.11148	0.03
-0.10524	-0.44068	1.9125	0.0067584	0.74501	-0.11011	0.03
-0.10402	-0.44058	1.9127	0.0066811	0.74493	-0.10884	0.03
-0.10289	-0.44049	1.9128	0.0066088	0.74487	-0.10765	0.03
-0.10183	-0.4404	1.913	0.0065416	0.7448	-0.10654	0.03
-0.10085	-0.44033	1.9131	0.0064794	0.74474	-0.10552	0.03
-0.099951	-0.44025	1.9132	0.0064222	0.74469	-0.10458	0.03
-0.099131	-0.44019	1.9134	0.0063699	0.74464	-0.10372	0.03
-0.098408	-0.44013	1.9134	0.0063239	0.7446	-0.10297	0.03
-0.097762	-0.44008	1.9135	0.0062828	0.74456	-0.10229	0.03
-0.097193	-0.44004	1.9136	0.0062466	0.74453	-0.1017	0.03
-0.0967	-0.44	1.9137	0.0062152	0.7445	-0.10118	0.03
-0.096281	-0.43997	1.9137	0.0061885	0.74448	-0.10074	0.03
-0.095937	-0.43994	1.9138	0.0061666	0.74446	-0.10038	0.03
-0.095682	-0.43992	1.9138	0.0061504	0.74444	-0.10012	0.03
-0.095498	-0.43991	1.9138	0.0061386	0.74443	-0.099923	0.03
-0.095383	-0.4399	1.9138	0.0061313	0.74443	-0.099802	0.03
-0.095336	-0.4399	1.9138	0.0061283	0.74442	-0.099753	0.03
-0.095354	-0.4399	1.9138	0.0061295	0.74443	-0.099772	0.03
-0.095437	-0.43991	1.9138	0.0061347	0.74443	-0.099858	0.03
-0.095596	-0.43992	1.9138	0.0061449	0.74444	-0.10002	0.03
-0.095814	-0.43993	1.9138	0.0061587	0.74445	-0.10025	0.03
-0.096088	-0.43996	1.9137	0.0061762	0.74447	-0.10054	0.03
-0.096416	-0.43998	1.9137	0.0061971	0.74449	-0.10088	0.03
-0.096795	-0.44001	1.9137	0.0062212	0.74451	-0.10128	0.03
-0.097223	-0.44004	1.9136	0.0062485	0.74453	-0.10173	0.03
-0.097706	-0.44008	1.9135	0.0062793	0.74456	-0.10223	0.03
-0.098229	-0.44012	1.9135	0.0063126	0.74459	-0.10278	0.03
-0.098789	-0.44016	1.9134	0.0063482	0.74462	-0.10336	0.03
-0.099383	-0.44021	1.9133	0.006386	0.74466	-0.10398	0.03
-0.1	-0.44026	1.9132	0.0064256	0.74469	-0.10464	0.03
-0.10065	-0.44031	1.9131	0.0064668	0.74473	-0.10531	0.03
-0.10132	-0.44036	1.9131	0.0065095	0.74477	-0.10601	0.03
-0.10201	-0.44042	1.913	0.006553	0.74481	-0.10673	0.03
-0.1027	-0.44047	1.9129	0.0065971	0.74485	-0.10745	0.03
-0.1034	-0.44053	1.9128	0.0066413	0.7449	-0.10818	0.03
-0.10409	-0.44059	1.9127	0.0066854	0.74494	-0.10891	0.03
-0.10478	-0.44064	1.9126	0.006729	0.74498	-0.10962	0.03
-0.10544	-0.4407	1.9125	0.0067713	0.74502	-0.11032	0.03
-0.10608	-0.44075	1.9124	0.006812	0.74506	-0.11099	0.03
-0.1067	-0.4408	1.9123	0.0068509	0.7451	-0.11163	0.03
-0.10727	-0.44085	1.9122	0.0068874	0.74514	-0.11223	0.03
-0.1078	-0.4409	1.9122	0.0069212	0.74517	-0.11279	0.03
-0.10828	-0.44094	1.9121	0.0069517	0.7452	-0.11329	0.03
-0.10869	-0.44097	1.912	0.0069776	0.74523	-0.11372	0.03
-0.10903	-0.441	1.912	0.0069992	0.74525	-0.11407	0.03
-0.1093	-0.44103	1.9119	0.007016	0.74527	-0.11435	0.03
-0.10948	-0.44104	1.9119	0.0070276	0.74528	-0.11454	0.03
-0.10958	-0.44105	1.9119	0.0070336	0.74529	-0.11464	0.03
-0.10958	-0.44105	1.9119	0.0070336	0.74529	-0.11464	0.03
