0	-0.43633	1.9199	0	0.74176	0	0.03
0	-0.43633	1.9199	0	0.74176	0	0.03
0	-0.43633	1.9199	0	0.74176	0	0.030747
0.00068143	-0.43633	1.9199	-4.3996e-05	0.74177	0.00071322	0.031493
0.001431	-0.43633	1.9199	-9.2391e-05	0.74177	0.0014977	0.03224
0.0024531	-0.43633	1.9199	-0.00015838	0.74177	0.0025675	0.032987
0.0037477	-0.43634	1.9199	-0.00024197	0.74177	0.0039225	0.033733
0.0053147	-0.43634	1.9198	-0.00034314	0.74177	0.0055627	0.03448
0.0071543	-0.43635	1.9198	-0.0004619	0.74178	0.007488	0.035227
0.0092719	-0.43637	1.9198	-0.00059861	0.74179	0.0097044	0.035973
0.011664	-0.43639	1.9198	-0.00075306	0.7418	0.012209	0.03672
0.014329	-0.43641	1.9197	-0.00092508	0.74182	0.014998	0.037467
0.017266	-0.43645	1.9197	-0.0011146	0.74185	0.018072	0.038213
0.020475	-0.4365	1.9196	-0.0013217	0.74189	0.02143	0.03896
0.023956	-0.43656	1.9195	-0.0015463	0.74193	0.025073	0.039706
0.027707	-0.43663	1.9194	-0.0017883	0.74199	0.028999	0.040453
0.031732	-0.43673	1.9192	-0.0020478	0.74206	0.033211	0.041199
0.036	-0.43684	1.919	-0.0023229	0.74214	0.037678	0.041946
0.04011	-0.43696	1.9188	-0.0025877	0.74223	0.041979	0.042693
0.043953	-0.43709	1.9186	-0.0028352	0.74233	0.046	0.04344
0.047529	-0.43722	1.9184	-0.0030654	0.74242	0.049743	0.044187
0.051002	-0.43735	1.9181	-0.0032888	0.74252	0.053377	0.044935
0.054709	-0.4375	1.9179	-0.0035272	0.74264	0.057256	0.045682
0.058684	-0.43768	1.9176	-0.0037826	0.74277	0.061415	0.046429
0.062934	-0.43788	1.9172	-0.0040556	0.74292	0.065862	0.047176
0.067453	-0.43811	1.9169	-0.0043455	0.74309	0.070588	0.047923
0.072238	-0.43838	1.9164	-0.0046523	0.74329	0.075595	0.04867
0.07729	-0.43867	1.9159	-0.0049758	0.74351	0.08088	0.049417
0.082608	-0.43901	1.9153	-0.005316	0.74376	0.086442	0.050165
0.088192	-0.43938	1.9147	-0.0056727	0.74404	0.092282	0.050912
0.094038	-0.4398	1.914	-0.0060456	0.74435	0.098396	0.051659
0.10015	-0.44027	1.9132	-0.006435	0.7447	0.10479	0.052406
0.10653	-0.44079	1.9123	-0.0068404	0.74509	0.11146	0.053153
0.11316	-0.44137	1.9114	-0.0072611	0.74552	0.11839	0.053899
0.11993	-0.44199	1.9103	-0.0076893	0.74599	0.12546	0.054646
0.12668	-0.44265	1.9092	-0.0081158	0.74648	0.13252	0.055391
0.13343	-0.44334	1.908	-0.0085405	0.747	0.13957	0.056137
0.14016	-0.44408	1.9068	-0.0089634	0.74755	0.1466	0.056881
0.14688	-0.44484	1.9055	-0.0093842	0.74813	0.15362	0.057624
0.15358	-0.44565	1.9041	-0.009803	0.74873	0.16062	0.058363
0.16028	-0.44649	1.9027	-0.01022	0.74936	0.16761	0.059096
0.16695	-0.44736	1.9012	-0.010634	0.75002	0.17458	0.059784
0.17362	-0.44827	1.8997	-0.011046	0.75071	0.18153	0.059577
0.18026	-0.44921	1.8981	-0.011456	0.75142	0.18847	0.058866
0.18674	-0.45017	1.8964	-0.011854	0.75214	0.19522	0.058134
0.19294	-0.45112	1.8948	-0.012233	0.75286	0.20169	0.057398
0.19885	-0.45206	1.8932	-0.012594	0.75357	0.20785	0.056659
0.2045	-0.45298	1.8917	-0.012936	0.75427	0.21373	0.05592
0.20986	-0.45388	1.8901	-0.013261	0.75495	0.21933	0.055182
0.21496	-0.45476	1.8886	-0.013569	0.75562	0.22464	0.054448
0.21978	-0.45562	1.8872	-0.013859	0.75627	0.22966	0.05377
0.22434	-0.45644	1.8858	-0.014132	0.7569	0.2344	0.054303
0.22862	-0.45724	1.8844	-0.014388	0.7575	0.23887	0.055038
0.23264	-0.45799	1.8831	-0.014627	0.75808	0.24304	0.055778
0.23638	-0.45872	1.8819	-0.01485	0.75863	0.24694	0.056519
0.23987	-0.4594	1.8807	-0.015056	0.75915	0.25057	0.05726
0.24309	-0.46004	1.8796	-0.015246	0.75964	0.25392	0.058001
0.24604	-0.46063	1.8786	-0.015421	0.76009	0.257	0.058741
0.24874	-0.46118	1.8777	-0.01558	0.76051	0.2598	0.059475
0.25118	-0.46169	1.8768	-0.015723	0.7609	0.26234	0.059979
0.25336	-0.46214	1.876	-0.01585	0.76125	0.2646	0.059991
0.25527	-0.46254	1.8753	-0.015962	0.76156	0.26659	0.059994
0.25693	-0.4629	1.8747	-0.016059	0.76182	0.26831	0.059996
0.25833	-0.4632	1.8742	-0.016141	0.76205	0.26977	0.059997
0.25947	-0.46344	1.8738	-0.016208	0.76224	0.27096	0.059998
0.26037	-0.46363	1.8735	-0.016259	0.76239	0.27189	0.059998
0.261	-0.46377	1.8732	-0.016296	0.76249	0.27255	0.059999
0.26138	-0.46385	1.8731	-0.016318	0.76256	0.27294	0.059687
0.2615	-0.46388	1.8731	-0.016325	0.76258	0.27306	0.05894
0.26136	-0.46385	1.8731	-0.016317	0.76256	0.27292	0.058192
0.26097	-0.46377	1.8732	-0.016295	0.76249	0.27252	0.057444
0.26033	-0.46363	1.8735	-0.016257	0.76238	0.27185	0.056696
0.25943	-0.46343	1.8738	-0.016205	0.76223	0.27091	0.055948
0.25827	-0.46318	1.8742	-0.016137	0.76204	0.26971	0.0552
0.25686	-0.46288	1.8748	-0.016055	0.76181	0.26824	0.054451
0.25518	-0.46253	1.8754	-0.015957	0.76154	0.2665	0.053703
0.25328	-0.46213	1.8761	-0.015846	0.76123	0.26452	0.052955
0.25152	-0.46176	1.8767	-0.015742	0.76095	0.26269	0.052207
0.25001	-0.46144	1.8772	-0.015654	0.76071	0.26112	0.052529
0.24875	-0.46119	1.8777	-0.01558	0.76052	0.25981	0.053277
0.24776	-0.46098	1.878	-0.015521	0.76036	0.25878	0.054025
0.24701	-0.46083	1.8783	-0.015478	0.76024	0.258	0.054773
0.24653	-0.46073	1.8784	-0.015449	0.76017	0.2575	0.055521
0.24631	-0.46069	1.8785	-0.015436	0.76013	0.25727	0.056269
0.24634	-0.46069	1.8785	-0.015438	0.76014	0.2573	0.057017
0.24663	-0.46075	1.8784	-0.015455	0.76018	0.2576	0.057765
0.24717	-0.46086	1.8782	-0.015487	0.76027	0.25817	0.058513
0.24797	-0.46103	1.8779	-0.015534	0.76039	0.259	0.05926
0.24903	-0.46124	1.8776	-0.015597	0.76056	0.2601	0.059968
0.25022	-0.46149	1.8771	-0.015667	0.76075	0.26134	0.059715
0.25116	-0.46168	1.8768	-0.015722	0.7609	0.26232	0.058968
0.25185	-0.46183	1.8766	-0.015762	0.76101	0.26304	0.058219
0.25228	-0.46192	1.8764	-0.015787	0.76107	0.26348	0.057471
0.25246	-0.46195	1.8763	-0.015797	0.7611	0.26366	0.056723
0.25237	-0.46194	1.8764	-0.015793	0.76109	0.26358	0.055975
0.25204	-0.46187	1.8765	-0.015773	0.76104	0.26323	0.055227
0.25144	-0.46174	1.8767	-0.015738	0.76094	0.26261	0.054478
0.25059	-0.46156	1.877	-0.015688	0.76081	0.26172	0.05373
0.24947	-0.46133	1.8774	-0.015623	0.76063	0.26056	0.053443
0.2481	-0.46105	1.8779	-0.015542	0.76041	0.25914	0.05419
0.24648	-0.46072	1.8785	-0.015446	0.76016	0.25745	0.054938
0.24459	-0.46034	1.8791	-0.015335	0.75987	0.25549	0.055687
0.24245	-0.45991	1.8798	-0.015209	0.75954	0.25325	0.056435
0.24004	-0.45943	1.8807	-0.015067	0.75918	0.25075	0.057183
0.23737	-0.45891	1.8816	-0.014908	0.75878	0.24798	0.057931
0.23444	-0.45834	1.8825	-0.014734	0.75834	0.24492	0.058679
0.23124	-0.45773	1.8836	-0.014544	0.75788	0.2416	0.059427
0.22778	-0.45708	1.8847	-0.014338	0.75738	0.23799	0.059999
0.22406	-0.45639	1.8858	-0.014115	0.75686	0.23412	0.06
0.22007	-0.45567	1.8871	-0.013876	0.75631	0.22996	0.059999
0.21581	-0.45491	1.8884	-0.01362	0.75573	0.22553	0.059332
0.21128	-0.45412	1.8897	-0.013347	0.75514	0.22081	0.058584
0.20648	-0.45331	1.8911	-0.013056	0.75452	0.2158	0.057836
0.2014	-0.45247	1.8925	-0.012748	0.75388	0.21051	0.057087
0.19605	-0.45161	1.894	-0.012423	0.75323	0.20493	0.056339
0.19043	-0.45073	1.8955	-0.01208	0.75257	0.19907	0.055591
0.18482	-0.44988	1.8969	-0.011736	0.75193	0.19322	0.054842
0.17945	-0.4491	1.8983	-0.011406	0.75133	0.18762	0.054094
0.17435	-0.44837	1.8995	-0.011091	0.75078	0.18229	0.053346
0.1695	-0.4477	1.9006	-0.010792	0.75028	0.17724	0.054094
0.16491	-0.44709	1.9017	-0.010508	0.74982	0.17245	0.054842
0.16059	-0.44653	1.9026	-0.010239	0.74939	0.16793	0.05559
0.15652	-0.44601	1.9035	-0.0099858	0.74901	0.16368	0.056339
0.15271	-0.44554	1.9043	-0.0097486	0.74865	0.15971	0.057087
0.14917	-0.44511	1.905	-0.0095272	0.74833	0.15601	0.057835
0.14588	-0.44473	1.9057	-0.009322	0.74804	0.15258	0.058583
0.14287	-0.44438	1.9063	-0.0091335	0.74778	0.14943	0.059332
0.14013	-0.44407	1.9068	-0.0089614	0.74755	0.14657	0.059999
0.13765	-0.4438	1.9072	-0.0088058	0.74735	0.14398	0.06
0.13543	-0.44356	1.9077	-0.0086667	0.74716	0.14166	0.059473
0.13349	-0.44335	1.908	-0.0085443	0.74701	0.13963	0.058725
0.13181	-0.44317	1.9083	-0.0084387	0.74688	0.13788	0.057977
0.13029	-0.44302	1.9086	-0.008343	0.74676	0.13629	0.057228
0.12852	-0.44283	1.9089	-0.0082317	0.74662	0.13444	0.05648
0.12648	-0.44263	1.9092	-0.0081031	0.74647	0.13231	0.055732
0.12417	-0.4424	1.9096	-0.0079574	0.7463	0.1299	0.054983
0.12159	-0.44215	1.91	-0.0077945	0.74611	0.1272	0.054235
0.11874	-0.44188	1.9105	-0.0076143	0.7459	0.12422	0.053906
0.11562	-0.44159	1.911	-0.0074168	0.74569	0.12096	0.054654
0.11223	-0.44128	1.9115	-0.0072019	0.74546	0.11741	0.055402
0.10856	-0.44096	1.912	-0.0069694	0.74522	0.11358	0.056151
0.10462	-0.44063	1.9126	-0.0067188	0.74497	0.10946	0.056899
0.1004	-0.44029	1.9132	-0.0064506	0.74472	0.10505	0.057647
0.095905	-0.43994	1.9138	-0.0061646	0.74446	0.10035	0.058396
0.091138	-0.43959	1.9144	-0.0058607	0.74419	0.095363	0.059144
0.086096	-0.43924	1.915	-0.0055388	0.74393	0.09009	0.059892
0.080778	-0.43889	1.9155	-0.005199	0.74367	0.084528	0.06
0.075185	-0.43855	1.9161	-0.0048411	0.74342	0.078678	0.059312
0.06931	-0.43821	1.9167	-0.0044646	0.74317	0.072531	0.058563
0.063156	-0.43789	1.9172	-0.0040698	0.74293	0.066093	0.057815
0.056725	-0.43759	1.9177	-0.0036568	0.7427	0.059365	0.057066
0.050018	-0.43731	1.9182	-0.0032255	0.74249	0.052347	0.056318
0.04321	-0.43706	1.9186	-0.0027873	0.74231	0.045223	0.05557
0.036642	-0.43686	1.919	-0.0023642	0.74216	0.03835	0.054821
0.030343	-0.43669	1.9193	-0.0019582	0.74203	0.031757	0.054073
0.024318	-0.43656	1.9195	-0.0015696	0.74194	0.025451	0.053366
0.018568	-0.43647	1.9196	-0.0011986	0.74187	0.019434	0.054115
0.013089	-0.4364	1.9197	-0.00084505	0.74181	0.0137	0.054863
0.0078831	-0.43636	1.9198	-0.00050895	0.74178	0.0082508	0.055611
0.002949	-0.43634	1.9199	-0.0001904	0.74177	0.0030866	0.05636
-0.0017125	-0.43633	1.9199	0.00011057	0.74177	-0.0017924	0.057108
-0.0061011	-0.43635	1.9198	0.00039391	0.74178	-0.0063858	0.057857
-0.010216	-0.43637	1.9198	0.00065955	0.7418	-0.010692	0.058605
-0.01405	-0.43641	1.9197	0.00090707	0.74182	-0.014706	0.058946
-0.017612	-0.43645	1.9197	0.0011369	0.74186	-0.018433	0.058198
-0.0209	-0.4365	1.9196	0.0013491	0.74189	-0.021875	0.05745
-0.023915	-0.43656	1.9195	0.0015437	0.74193	-0.025031	0.056701
-0.026658	-0.43661	1.9194	0.0017206	0.74197	-0.027901	0.055953
-0.029338	-0.43667	1.9193	0.0018934	0.74202	-0.030705	0.055205
-0.032272	-0.43674	1.9192	0.0020826	0.74207	-0.033776	0.054456
-0.035484	-0.43682	1.919	0.0022896	0.74213	-0.037138	0.053708
-0.03897	-0.43693	1.9189	0.0025142	0.74221	-0.040786	0.052959
-0.042727	-0.43705	1.9187	0.0027562	0.7423	-0.044717	0.052211
-0.046754	-0.43719	1.9184	0.0030155	0.7424	-0.048932	0.051828
-0.051053	-0.43735	1.9181	0.0032921	0.74252	-0.05343	0.052576
-0.055621	-0.43754	1.9178	0.0035858	0.74267	-0.05821	0.053325
-0.060459	-0.43776	1.9174	0.0038966	0.74283	-0.063272	0.054073
-0.06557	-0.43802	1.917	0.0042247	0.74302	-0.068619	0.054821
-0.070953	-0.4383	1.9165	0.0045699	0.74323	-0.07425	0.054725
-0.076602	-0.43863	1.916	0.0049318	0.74348	-0.08016	0.053977
-0.082518	-0.439	1.9154	0.0053102	0.74375	-0.086348	0.053229
-0.088699	-0.43942	1.9147	0.005705	0.74407	-0.092812	0.05248
-0.095143	-0.43988	1.9139	0.006116	0.74441	-0.099551	0.051732
-0.10185	-0.4404	1.913	0.0065429	0.7448	-0.10656	0.050983
-0.10846	-0.44095	1.9121	0.0069626	0.74521	-0.11347	0.050235
-0.11478	-0.44151	1.9111	0.0073633	0.74563	-0.12008	0.049487
-0.12082	-0.44207	1.9102	0.0077457	0.74605	-0.12639	0.048738
-0.12659	-0.44264	1.9092	0.0081097	0.74648	-0.13242	0.04799
-0.13208	-0.4432	1.9083	0.0084555	0.7469	-0.13816	0.047242
-0.13729	-0.44376	1.9073	0.0087833	0.74732	-0.1436	0.047494
-0.14223	-0.44431	1.9064	0.0090931	0.74773	-0.14876	0.047636
-0.14689	-0.44485	1.9055	0.0093852	0.74813	-0.15364	0.047747
-0.15128	-0.44537	1.9046	0.0096592	0.74852	-0.15821	0.047824
-0.15539	-0.44587	1.9037	0.0099157	0.7489	-0.16251	0.047878
-0.15923	-0.44635	1.9029	0.010155	0.74926	-0.16652	0.047934
-0.1628	-0.44681	1.9021	0.010377	0.74961	-0.17025	0.048024
-0.1661	-0.44725	1.9014	0.010581	0.74994	-0.17369	0.048171
-0.16914	-0.44765	1.9007	0.010769	0.75024	-0.17686	0.04837
-0.1719	-0.44803	1.9001	0.01094	0.75053	-0.17974	0.048606
-0.1744	-0.44838	1.8995	0.011094	0.75079	-0.18234	0.048861
-0.17662	-0.44869	1.899	0.011231	0.75103	-0.18466	0.049122
-0.17858	-0.44897	1.8985	0.011352	0.75124	-0.18671	0.049383
-0.18027	-0.44921	1.8981	0.011456	0.75142	-0.18847	0.049637
-0.18169	-0.44942	1.8977	0.011544	0.75158	-0.18996	0.049881
-0.18286	-0.44959	1.8974	0.011615	0.75171	-0.19117	0.050114
-0.18376	-0.44973	1.8972	0.01167	0.75181	-0.19211	0.050334
-0.18439	-0.44982	1.897	0.011709	0.75188	-0.19277	0.050541
-0.18475	-0.44987	1.8969	0.011732	0.75192	-0.19315	0.050737
-0.18485	-0.44989	1.8969	0.011738	0.75193	-0.19325	0.050923
-0.18469	-0.44986	1.897	0.011728	0.75191	-0.19308	0.051103
-0.18426	-0.4498	1.8971	0.011701	0.75186	-0.19263	0.051281
-0.18357	-0.4497	1.8972	0.011659	0.75179	-0.19191	0.051461
-0.18261	-0.44956	1.8975	0.0116	0.75168	-0.19092	0.051644
-0.18139	-0.44938	1.8978	0.011525	0.75154	-0.18964	0.051834
-0.1799	-0.44916	1.8982	0.011434	0.75138	-0.18809	0.05203
-0.17814	-0.44891	1.8986	0.011325	0.75119	-0.18626	0.052233
-0.17612	-0.44862	1.8991	0.011201	0.75097	-0.18415	0.052441
-0.17383	-0.4483	1.8996	0.01106	0.75073	-0.18176	0.052652
-0.17128	-0.44795	1.9002	0.010902	0.75046	-0.17909	0.052865
-0.16846	-0.44756	1.9009	0.010727	0.75017	-0.17615	0.053076
-0.16537	-0.44715	1.9016	0.010536	0.74986	-0.17292	0.053282
-0.162	-0.44671	1.9023	0.010327	0.74953	-0.16941	0.053478
-0.15849	-0.44626	1.9031	0.010109	0.74919	-0.16575	0.05366
-0.15522	-0.44585	1.9038	0.0099049	0.74888	-0.16233	0.053821
-0.1522	-0.44548	1.9044	0.009717	0.74861	-0.15918	0.053956
-0.14946	-0.44515	1.905	0.0095454	0.74836	-0.15631	0.054061
-0.14697	-0.44485	1.9055	0.0093902	0.74814	-0.15372	0.054134
-0.14475	-0.4446	1.9059	0.0092513	0.74794	-0.1514	0.054177
-0.1428	-0.44437	1.9063	0.0091292	0.74778	-0.14936	0.054191
-0.14112	-0.44418	1.9066	0.009024	0.74763	-0.14761	0.054183
-0.13971	-0.44403	1.9069	0.0089354	0.74752	-0.14613	0.054161
-0.13857	-0.4439	1.9071	0.0088636	0.74742	-0.14494	0.05413
-0.13769	-0.4438	1.9072	0.0088085	0.74735	-0.14402	0.054099
-0.13708	-0.44374	1.9074	0.0087702	0.7473	-0.14338	0.054072
-0.13674	-0.4437	1.9074	0.0087486	0.74727	-0.14303	0.054052
-0.13666	-0.44369	1.9074	0.0087439	0.74726	-0.14295	0.054044
