-1.5687	0.29942	2.1082	0.0048259	-0.25014	1.6252
-1.5687	0.29207	2.1073	0.004623	-0.25661	1.6254
-1.5688	0.28471	2.1064	0.0044322	-0.26306	1.6255
-1.5688	0.27735	2.1054	0.0042527	-0.26949	1.6257
-1.5688	0.27	2.1045	0.0040834	-0.27589	1.6259
-1.5688	0.26264	2.1035	0.0039237	-0.28228	1.6261
-1.5688	0.25528	2.1025	0.0037728	-0.28864	1.6262
-1.5689	0.24793	2.1015	0.00363	-0.29497	1.6264
-1.5689	0.24057	2.1005	0.0034948	-0.30129	1.6265
-1.5689	0.23321	2.0994	0.0033667	-0.30758	1.6266
-1.5689	0.22586	2.0983	0.0032451	-0.31385	1.6267
-1.5689	0.2185	2.0972	0.0031296	-0.3201	1.6269
-1.5689	0.21114	2.0961	0.0030198	-0.32632	1.627
-1.569	0.20379	2.0949	0.0029153	-0.33252	1.6271
-1.569	0.19644	2.0937	0.0028158	-0.3387	1.6272
-1.569	0.18909	2.0925	0.0027209	-0.34485	1.6273
-1.569	0.18174	2.0913	0.0026305	-0.35098	1.6274
-1.569	0.17439	2.0901	0.0025441	-0.35709	1.6274
-1.569	0.16704	2.0888	0.0024616	-0.36317	1.6275
-1.569	0.1597	2.0875	0.0023827	-0.36923	1.6276
-1.5691	0.15235	2.0862	0.0023073	-0.37527	1.6277
-1.5691	0.14501	2.0849	0.002235	-0.38128	1.6278
-1.5691	0.13767	2.0835	0.0021659	-0.38727	1.6278
-1.5691	0.13034	2.0822	0.0020995	-0.39323	1.6279
-1.5691	0.123	2.0808	0.0020359	-0.39917	1.628
-1.5691	0.11567	2.0794	0.0019749	-0.40509	1.628
-1.5691	0.10834	2.0779	0.0019163	-0.41098	1.6281
-1.5692	0.10102	2.0765	0.00186	-0.41684	1.6281
-1.5692	0.093698	2.075	0.0018059	-0.42269	1.6282
-1.5692	0.086379	2.0735	0.0017539	-0.42851	1.6282
-1.5692	0.079064	2.072	0.0017038	-0.4343	1.6283
-1.5692	0.071752	2.0704	0.0016556	-0.44007	1.6283
-1.5692	0.064444	2.0689	0.0016092	-0.44581	1.6284
-1.5692	0.05714	2.0673	0.0015645	-0.45154	1.6284
-1.5692	0.049839	2.0657	0.0015213	-0.45723	1.6285
-1.5692	0.042543	2.064	0.0014798	-0.4629	1.6285
-1.5693	0.03525	2.0624	0.0014396	-0.46855	1.6285
-1.5693	0.027962	2.0607	0.0014009	-0.47417	1.6286
-1.5693	0.020677	2.059	0.0013635	-0.47977	1.6286
-1.5693	0.013398	2.0573	0.0013274	-0.48534	1.6287
-1.5693	0.0061224	2.0556	0.0012925	-0.49089	1.6287
-1.5693	-0.0011484	2.0539	0.0012587	-0.49641	1.6287
-1.5693	-0.0084144	2.0521	0.0012261	-0.50191	1.6288
-1.5693	-0.015676	2.0503	0.0011945	-0.50739	1.6288
-1.5693	-0.022932	2.0485	0.001164	-0.51284	1.6288
-1.5693	-0.030184	2.0467	0.0011344	-0.51826	1.6288
-1.5694	-0.03743	2.0448	0.0011057	-0.52366	1.6289
-1.5694	-0.044671	2.043	0.001078	-0.52904	1.6289
-1.5694	-0.051907	2.0411	0.0010511	-0.53439	1.6289
-1.5694	-0.059138	2.0392	0.001025	-0.53971	1.629
-1.5694	-0.066363	2.0372	0.00099971	-0.54501	1.629
-1.5694	-0.073583	2.0353	0.00097518	-0.55029	1.629
-1.5694	-0.080798	2.0333	0.00095139	-0.55554	1.629
-1.5694	-0.088006	2.0314	0.00092829	-0.56076	1.629
-1.5694	-0.095209	2.0294	0.00090587	-0.56597	1.6291
-1.5694	-0.10241	2.0273	0.0008841	-0.57114	1.6291
-1.5694	-0.1096	2.0253	0.00086295	-0.57629	1.6291
-1.5694	-0.11678	2.0232	0.0008424	-0.58142	1.6291
-1.5695	-0.12396	2.0212	0.00082242	-0.58652	1.6292
-1.5695	-0.13114	2.0191	0.00080301	-0.5916	1.6292
-1.5695	-0.1383	2.0169	0.00078413	-0.59665	1.6292
-1.5695	-0.14547	2.0148	0.00076577	-0.60168	1.6292
-1.5695	-0.15262	2.0127	0.00074791	-0.60669	1.6292
-1.5695	-0.15977	2.0105	0.00073053	-0.61167	1.6292
-1.5695	-0.16691	2.0083	0.00071361	-0.61662	1.6293
-1.5695	-0.17405	2.0061	0.00069714	-0.62155	1.6293
-1.5695	-0.18118	2.0039	0.0006811	-0.62646	1.6293
-1.5695	-0.1883	2.0016	0.00066549	-0.63134	1.6293
-1.5695	-0.19542	1.9994	0.00065027	-0.6362	1.6293
-1.5695	-0.20253	1.9971	0.00063545	-0.64103	1.6293
-1.5695	-0.20963	1.9948	0.000621	-0.64584	1.6293
-1.5695	-0.21673	1.9925	0.00060692	-0.65062	1.6294
-1.5695	-0.22382	1.9902	0.00059319	-0.65538	1.6294
-1.5696	-0.2309	1.9878	0.0005798	-0.66012	1.6294
-1.5696	-0.23798	1.9854	0.00056674	-0.66483	1.6294
-1.5696	-0.24505	1.9831	0.000554	-0.66952	1.6294
-1.5696	-0.25211	1.9807	0.00054157	-0.67418	1.6294
-1.5696	-0.25917	1.9782	0.00052944	-0.67882	1.6294
-1.5696	-0.26622	1.9758	0.0005176	-0.68343	1.6294
-1.5696	-0.27326	1.9734	0.00050605	-0.68803	1.6294
-1.5696	-0.2803	1.9709	0.00049476	-0.69259	1.6295
-1.5696	-0.28733	1.9684	0.00048374	-0.69714	1.6295
-1.5696	-0.29435	1.9659	0.00047298	-0.70166	1.6295
-1.5696	-0.30136	1.9634	0.00046247	-0.70616	1.6295
-1.5696	-0.30837	1.9609	0.00045219	-0.71063	1.6295
-1.5696	-0.31537	1.9583	0.00044216	-0.71508	1.6295
-1.5696	-0.32237	1.9557	0.00043235	-0.71951	1.6295
-1.5696	-0.32935	1.9532	0.00042276	-0.72391	1.6295
-1.5696	-0.33633	1.9506	0.00041338	-0.72829	1.6295
-1.5696	-0.34331	1.9479	0.00040421	-0.73264	1.6295
-1.5696	-0.35027	1.9453	0.00039525	-0.73698	1.6295
-1.5696	-0.35723	1.9427	0.00038648	-0.74129	1.6296
-1.5696	-0.36418	1.94	0.00037791	-0.74557	1.6296
-1.5697	-0.37112	1.9373	0.00036952	-0.74984	1.6296
-1.5697	-0.37806	1.9346	0.00036131	-0.75408	1.6296
-1.5697	-0.38499	1.9319	0.00035328	-0.7583	1.6296
-1.5697	-0.39191	1.9292	0.00034542	-0.76249	1.6296
-1.5697	-0.39883	1.9264	0.00033772	-0.76667	1.6296
-1.5697	-0.40573	1.9237	0.00033019	-0.77082	1.6296
-1.5697	-0.41264	1.9209	0.00032282	-0.77494	1.6296
-1.5697	-0.41953	1.9181	0.00031559	-0.77905	1.6296
-1.5697	-0.42642	1.9153	0.00030852	-0.78313	1.6296
-1.5697	-0.43329	1.9125	0.0003016	-0.78719	1.6296
-1.5697	-0.44017	1.9097	0.00029482	-0.79123	1.6296
-1.5697	-0.44703	1.9068	0.00028817	-0.79525	1.6296
-1.5697	-0.45389	1.9039	0.00028166	-0.79924	1.6296
-1.5697	-0.46074	1.9011	0.00027528	-0.80321	1.6296
-1.5697	-0.46758	1.8982	0.00026903	-0.80716	1.6297
-1.5697	-0.47442	1.8953	0.00026291	-0.81109	1.6297
-1.5697	-0.48125	1.8923	0.00025691	-0.815	1.6297
-1.5697	-0.48807	1.8894	0.00025102	-0.81888	1.6297
-1.5697	-0.49489	1.8865	0.00024526	-0.82274	1.6297
-1.5697	-0.50169	1.8835	0.0002396	-0.82659	1.6297
-1.5697	-0.50849	1.8805	0.00023406	-0.83041	1.6297
-1.5697	-0.51529	1.8775	0.00022862	-0.8342	1.6297
-1.5697	-0.52207	1.8745	0.0002233	-0.83798	1.6297
-1.5697	-0.52885	1.8715	0.00021807	-0.84174	1.6297
-1.5697	-0.53563	1.8684	0.00021294	-0.84547	1.6297
-1.5698	-0.54239	1.8654	0.00020792	-0.84919	1.6297
-1.5698	-0.54915	1.8623	0.00020299	-0.85288	1.6297
-1.5698	-0.5559	1.8592	0.00019815	-0.85655	1.6297
-1.5698	-0.56265	1.8562	0.0001934	-0.8602	1.6297
-1.5698	-0.56938	1.853	0.00018875	-0.86383	1.6297
-1.5698	-0.57611	1.8499	0.00018418	-0.86745	1.6297
-1.5698	-0.58284	1.8468	0.0001797	-0.87103	1.6297
-1.5698	-0.58955	1.8436	0.0001753	-0.8746	1.6297
-1.5698	-0.59626	1.8405	0.00017099	-0.87815	1.6297
-1.5698	-0.60297	1.8373	0.00016675	-0.88168	1.6297
-1.5698	-0.60966	1.8341	0.0001626	-0.88519	1.6297
-1.5698	-0.61635	1.8309	0.00015852	-0.88868	1.6297
-1.5698	-0.62303	1.8277	0.00015451	-0.89215	1.6297
-1.5698	-0.62971	1.8245	0.00015058	-0.89559	1.6297
-1.5698	-0.63638	1.8212	0.00014673	-0.89902	1.6297
-1.5698	-0.64304	1.818	0.00014294	-0.90243	1.6298
-1.5698	-0.6497	1.8147	0.00013922	-0.90582	1.6298
-1.5698	-0.65635	1.8114	0.00013558	-0.90919	1.6298
-1.5698	-0.66299	1.8081	0.00013199	-0.91254	1.6298
-1.5698	-0.66963	1.8048	0.00012848	-0.91587	1.6298
-1.5698	-0.67626	1.8015	0.00012503	-0.91918	1.6298
-1.5698	-0.68288	1.7982	0.00012164	-0.92247	1.6298
-1.5698	-0.6895	1.7948	0.00011831	-0.92575	1.6298
-1.5698	-0.69611	1.7915	0.00011504	-0.929	1.6298
-1.5698	-0.70271	1.7881	0.00011183	-0.93223	1.6298
-1.5698	-0.70931	1.7847	0.00010868	-0.93545	1.6298
-1.5698	-0.7159	1.7813	0.00010559	-0.93865	1.6298
-1.5698	-0.72248	1.7779	0.00010256	-0.94182	1.6298
-1.5698	-0.72906	1.7745	9.9574e-05	-0.94498	1.6298
-1.5698	-0.73563	1.7711	9.6647e-05	-0.94812	1.6298
-1.5698	-0.7422	1.7676	9.3773e-05	-0.95125	1.6298
-1.5698	-0.74876	1.7642	9.0951e-05	-0.95435	1.6298
-1.5698	-0.75531	1.7607	8.818e-05	-0.95744	1.6298
-1.5698	-0.76186	1.7572	8.5459e-05	-0.9605	1.6298
-1.5698	-0.7684	1.7537	8.2788e-05	-0.96355	1.6298
-1.5698	-0.77494	1.7502	8.0166e-05	-0.96658	1.6298
-1.5698	-0.78147	1.7467	7.7591e-05	-0.9696	1.6298
-1.5698	-0.78799	1.7432	7.5064e-05	-0.97259	1.6298
-1.5698	-0.79451	1.7397	7.2582e-05	-0.97557	1.6298
-1.5698	-0.80102	1.7361	7.0146e-05	-0.97853	1.6298
-1.5698	-0.80752	1.7325	6.7755e-05	-0.98147	1.6298
-1.5699	-0.81402	1.729	6.5408e-05	-0.98439	1.6298
-1.5699	-0.82052	1.7254	6.3103e-05	-0.9873	1.6298
-1.5699	-0.82701	1.7218	6.0842e-05	-0.99019	1.6298
-1.5699	-0.83349	1.7182	5.8622e-05	-0.99306	1.6298
-1.5699	-0.83997	1.7145	5.6443e-05	-0.99591	1.6298
-1.5699	-0.84644	1.7109	5.4305e-05	-0.99875	1.6298
-1.5699	-0.8529	1.7073	5.2207e-05	-1.0016	1.6298
-1.5699	-0.85937	1.7036	5.0149e-05	-1.0044	1.6298
-1.5699	-0.86582	1.6999	4.8129e-05	-1.0072	1.6298
-1.5699	-0.87227	1.6963	4.6147e-05	-1.0099	1.6298
-1.5699	-0.87871	1.6926	4.4203e-05	-1.0127	1.6298
-1.5699	-0.88515	1.6889	4.2296e-05	-1.0154	1.6298
-1.5699	-0.89159	1.6851	4.0426e-05	-1.0181	1.6298
-1.5699	-0.89801	1.6814	3.8592e-05	-1.0208	1.6298
-1.5699	-0.90444	1.6777	3.6793e-05	-1.0235	1.6298
-1.5699	-0.91085	1.6739	3.5029e-05	-1.0262	1.6298
-1.5699	-0.91727	1.6702	3.33e-05	-1.0288	1.6298
-1.5699	-0.92367	1.6664	3.1605e-05	-1.0315	1.6298
-1.5699	-0.93008	1.6626	2.9944e-05	-1.0341	1.6298
-1.5699	-0.93647	1.6588	2.8315e-05	-1.0367	1.6298
-1.5699	-0.94287	1.655	2.672e-05	-1.0393	1.6298
-1.5699	-0.94925	1.6512	2.5157e-05	-1.0419	1.6298
-1.5699	-0.95564	1.6474	2.3626e-05	-1.0444	1.6298
-1.5699	-0.96201	1.6435	2.2126e-05	-1.047	1.6298
-1.5699	-0.96839	1.6397	2.0657e-05	-1.0495	1.6298
-1.5699	-0.97476	1.6358	1.922e-05	-1.052	1.6298
-1.5699	-0.98112	1.632	1.7812e-05	-1.0545	1.6298
-1.5699	-0.98748	1.6281	1.6435e-05	-1.0569	1.6298
-1.5699	-0.99383	1.6242	1.5087e-05	-1.0594	1.6298
-1.5699	-1.0002	1.6203	1.3769e-05	-1.0619	1.6298
-1.5699	-1.0065	1.6164	1.248e-05	-1.0643	1.6298
-1.5699	-1.0129	1.6124	1.1219e-05	-1.0667	1.6298
-1.5699	-1.0192	1.6085	9.9868e-06	-1.0691	1.6298
-1.5699	-1.0255	1.6045	8.7825e-06	-1.0715	1.6298
-1.5699	-1.0319	1.6006	7.606e-06	-1.0738	1.6298
-1.5699	-1.0382	1.5966	6.4569e-06	-1.0762	1.6298
-1.5699	-1.0445	1.5926	5.335e-06	-1.0785	1.6298
-1.5699	-1.0508	1.5886	4.24e-06	-1.0809	1.6298
-1.5699	-1.0571	1.5846	3.1716e-06	-1.0832	1.6298
-1.5699	-1.0634	1.5806	2.1295e-06	-1.0855	1.6298
-1.5699	-1.0697	1.5766	1.1135e-06	-1.0877	1.6298
-1.5699	-1.076	1.5726	1.2334e-07	-1.09	1.6298
